990101225820 327101317132320127  2 12  4  5  6  5  9  7  60.31 64161.60
99010222582120231023232313 7143  7  9  4  9  9  9  5  3  70.31 68154.80
9901032258222317 7 010 7 713 83  9  6  3  0  4  3  3  5  40.10 58149.40
9901042258231020171717201327140  4  7  6  6  6  7  5 12  70.31 65142.00
990105225824333320171313 320153 18 18  7  6  5  5  2  7  80.52 64132.00
9901062258252313271033233023183  9  5 12  4 18  9 15  9 100.63 48121.60
9901072258261010202027302723167  4  4  7  7 12 15 12  9  90.52 64111.30
9901082258273327233730304033253 18 12  9 22 15 15 27 18 170.94 51111.70
9901092259 13733301710132027187 22 18 15  6  4  5  7 12 110.63 47111.00
9901102259 223132030 7 01310117  9  5  7 15  3  0  5  4  60.31 46106.70
9901112259 32017131710102013120  7  6  5  6  4  4  7  5  60.21 32108.20
9901122259 413 3101020 72023107  5  2  4  4  7  3  7  9  50.21 35109.10
9901132259 52320133340535770310  9  7  5 18 27 56 67132 401.57 41114.70
9901142259 62727505343403043313 12 12 48 56 32 27 15 32 291.36 65132.40
9901152259 73747303333373020267 22 39 15 18 18 22 15  7 201.05 83138.00
9901162259 82333232313131013153  9 18  9  9  5  5  4  5  80.42 83153.40
9901172259 9272020101010 713117 12  7  7  4  4  4  3  5  60.31 93156.20
990118225910 0 0 3 3 7203023 87  0  0  2  2  3  7 15  9  50.21102165.40
99011922591120101317 3 3 3 7 77  7  4  5  6  2  2  2  3  40.10121170.30
99012022591213 7 31017333020133  5  3  2  4  6 18 15  7  80.42120231.30
9901212259131023133017 7 7 3110  4  9  5 15  6  3  3  2  60.31114169.70
9901222259141310131333403737197  5  4  5  5 18 27 22 22 140.84108172.30
9901232259152330303320434050270  9 15 15 18  7 32 27 48 211.15 87160.80
9901242259164337332327303717247 32 22 18  9 12 15 22  6 170.94 68156.80
9901252259173727232313131713167 22 12  9  9  5  5  6  5  90.52 31133.90
99012622591823 71020 7 0 723 97  9  3  4  7  3  0  3  9  50.21 30129.10
9901272259192030172027272313177  7 15  6  7 12 12  9  5  90.52 28121.60
990128225920 3 7232027271720143  2  3  9  7 12 12  6  7  70.42 28115.20
9901292259211320202023231720157  5  7  7  7  9  9  6  7  70.42 24114.20
99013022592220101317 310 3 3 80  7  4  5  6  2  4  2  2  40.10 24114.50
990131225923 71710 71010 3 0 63  3  6  4  3  4  4  2  0  30.10 30111.50
990201225924 0 0 0 3 0 0 0 0 03  0  0  0  2  0  0  0  0  00.00 29114.50
990202225925 0 3 0 0 0 0 310 17  0  2  0  0  0  0  2  4  10.00 25107.70
99020322592613 3101020171723113  5  2  4  4  7  6  6  9  50.21 19105.80
9902042259271020102027303020167  4  7  4  7 12 15 15  7  90.52 15104.30
9902052260 12720102027273020180 12  7  4  7 12 12 15  7 100.52 12100.90
9902062260 21730272723373020210  6 15 12 12  9 22 15  7 120.73 19 96.60
9902072260 32027303327331730217  7 12 15 18 12 18  6 15 130.73 28106.50
9902082260 420201317201017 7123  7  7  5  6  7  4  6  3  60.31 36121.10
9902092260 51713 7 0 3 7 7 7 60  6  5  3  0  2  3  3  3  30.10 41125.90
9902102260 6101020 3 7172323113  4  4  7  2  3  6  9  9  60.21 60148.40
9902112260 73727303040404030273 22 12 15 15 27 27 27 15 201.05 78159.30
9902122260 83737434033434023297 22 22 32 27 18 32 27  9 241.15115183.60
9902132260 92027272010102020153  7 12 12  7  4  4  7  7  80.42134193.40
990214226010 7 3172030301720143  3  2  6  7 15 15  6  7  80.42138199.60
9902152260114037273030232720233 27 22 12 15 15  9 12  7 150.84144185.50
99021622601220 7101710 3 3 7 77  7  3  4  6  4  2  2  3  40.10133187.30
990217226013 727375040201723220  3 12 22 48 27  7  6  9 170.94122185.30
9902182260144760676767536050470 39 80111111111 56 80 48 801.87105164.20
9902192260155753504353403727360 67 56 48 32 56 27 22 12 401.46 85160.50
990220226016 3 0 3 0 7102313 60  2  0  2  0  3  4  9  5  30.10 86153.60
990221226017 0 7 3 3 3101327 67  0  3  2  2  2  4  5 12  40.10 74144.00
99022222601823132013 7 32023123  9  5  7  5  3  2  7  9  60.31 47127.00
99022322601917233017233313 3160  6  9 15  6  9 18  5  2  90.52 42124.30
990224226020 717203033302010167  3  6  7 15 18 15  7  4  90.52 38117.30
990225226021 7371017 72310 0110  3 22  4  6  3  9  4  0  60.31 44117.10
990226226022 0 3 0 010 7 0 0 20  0  2  0  0  4  3  0  0  10.00 51113.40
99022722602310 3171710 71010 83  4  2  6  6  4  3  4  4  40.10 59112.90
990228226024 0 7201027404053197  0  3  7  4 12 27 27 56 170.94 77120.70
9903012260255753373050475043367 67 56 22 15 48 39 48 32 411.57 77118.00
9903022260265740301730332727260 67 27 15  6 15 18 12 12 221.15 88127.60
9903032260271727203020404733233  6 12  7 15  7 27 39 18 160.94102134.60
9903042261 13037503740504737327 15 22 48 22 27 48 39 22 301.36 96141.60
9903052261 247333327203717 7220 39 18 18 12  7 22  6  3 160.94 99125.40
9903062261 32330 72020233347203  9 15  3  7  7  9 18 39 130.84 79112.60
9903072261 43743473720373327280 22 32 39 22  7 22 18 12 221.15 43108.30
9903082261 52737171713202343197 12 22  6  6  5  7  9 32 120.73 41125.00
9903092261 63740403343333317277 22 27 27 18 32 18 18  6 211.15 63125.30
9903102261 75063475023272723310 48 94 39 48  9 12 12  9 341.36 61133.60
9903112261 83333333037302017233 18 18 18 15 22 15  7  6 150.84 76135.30
9903122261 91323233027233327200  5  9  9 15 12  9 18 12 110.63 87138.50
99031322611013 0 01733131323113  5  0  0  6 18  5  5  9  60.31 76142.70
9903142261113027132740303037233 15 12  5 12 27 15 15 22 150.94 94148.70
9903152261123743372723171017210 22 32 22 12  9  6  4  6 140.84 91148.40
990316226113 3 31313 710 310 63  2  2  5  5  3  4  2  4  30.10 97154.10
99031722611410 0 713132717 7 93  4  0  3  5  5 12  6  3  50.21 99152.90
99031822611510172020172320 3130  4  6  7  7  6  9  7  2  60.31 96146.70
990319226116 710171320203010127  3  4  6  5  7  7 15  4  60.31101138.10
99032022611713101013131720 3100  5  4  4  5  5  6  7  2  50.21 78131.60
990321226118 3101020271010 0 90  2  4  4  7 12  4  4  0  50.21 71123.10
990322226119 3 0 0 3171310 3 50  2  0  0  2  6  5  4  2  30.00 61115.00
990323226120 7 7 71720201723117  3  3  3  6  7  7  6  9  60.21 30112.20
990324226121 310102010 7 3 3 67  2  4  4  7  4  3  2  2  40.10 41107.60
990325226122 3 0 31710333327127  2  0  2  6  4 18 18 12  80.42 37106.40
990326226123102020272310 3 3117  4  7  7 12  9  4  2  2  60.31 31103.10
990327226124 71713 3 7 3 723 80  3  6  5  2  3  2  3  9  40.10 24104.10
9903282261251717231717131310127  6  6  9  6  6  5  5  4  60.31 37102.70
9903292261263330433757374037313 18 15 32 22 67 22 27 22 281.26 51103.80
9903302261274027403733403733287 27 12 27 22 18 27 22 18 221.15 55104.40
9903312262 13727232030272743233 22 12  9  7 15 12 12 32 150.94 51101.70
9904012262 2434313131023 7 7160 32 32  5  5  4  9  3  3 120.73 44102.90
9904022262 31333231327273313183  5 18  9  5 12 12 18  5 100.63 39 99.40
9904032262 42323232017173727187  9  9  9  7  6  6 22 12 100.63 48102.70
9904042262 53323231730204033220 18  9  9  6 15  7 27 18 140.84 71116.00
9904052262 630233333273010 7193 15  9 18 18 12 15  4  3 120.73 81132.70
9904062262 73340171017171717167 18 27  6  4  6  6  6  6 100.63 92137.60
9904072262 83730271317173023193 22 15 12  5  6  6 15  9 110.63 82141.70
9904082262 9 710131020402320143  3  4  5  4  7 27  9  7  80.42 89139.50
990409226210202310 7102317 7117  7  9  4  3  4  9  6  3  60.31104136.70
9904102262111727372337333037240  6 12 22  9 22 18 15 22 160.94 90136.90
9904112262123030302320231010177 15 15 15  9  7  9  4  4 100.52 75131.30
990412226213371710301313 7 3130 22  6  4 15  5  5  3  2  80.42 76130.70
990413226214 0 3 7131013 713 67  0  2  3  5  4  5  3  5  30.10 81130.30
99041422621513 7303010171710133  5  3 15 15  4  6  6  4  70.42 74121.00
99041522621613 31013 3 71010 70  5  2  4  5  2  3  4  4  40.10 63122.70
9904162262171720 32737373750227  6  7  2 12 22 22 22 48 181.05 67123.80
9904172262186073535023232717327 80154 56 48  9  9 12  6 471.57 75116.60
9904182262192720 71720132010133 12  7  3  6  7  5  7  4  60.31 55113.80
990419226220 713173727233333190  3  5  6 22 12  9 18 18 120.73 50110.90
9904202262213737434343432723297 22 22 32 32 32 32 12  9 241.26 50105.80
9904212262221720272323432713193  6  7 12  9  9 32 12  5 120.73 42104.40
9904222262231710 7 3 7131710 83  6  4  3  2  3  5  6  4  40.10 40101.40
990423226224 7101317171710 7 97  3  4  5  6  6  6  4  3  50.21 42 99.30
99042422622523231313101710 3113  9  9  5  5  4  6  4  2  60.21 51102.00
990425226226 0 3101017131323 90  0  2  4  4  6  5  5  9  40.21 48103.80
99042622622713 3 72323232010123  5  2  3  9  9  9  7  4  60.31 47105.80
9904272263 11010202727304337203  4  4  7 12 12 15 32 22 140.84 55110.00
9904282263 23027274023333347260 15 12 12 27  9 18 18 39 191.05 55111.30
9904292263 33033204040434047293 15 18  7 27 27 32 27 39 241.26 61123.90
9904302263 44337403333303740293 32 22 27 18 18 15 22 27 231.15 66125.30
9905012263 54037402733334030280 27 22 27 12 18 18 27 15 211.15 76134.92
9905022263 62323272327203327203  9  9 12  9 12  7 18 12 110.63 92137.90
9905032263 73023172020132310157 15  9  6  7  7  5  9  4  80.42 80129.20
9905042263 8 7131310 7 71313 83  3  5  5  4  3  3  5  5  40.10 84141.10
9905052263 910 0 71317302723127  4  0  3  5  6 15 12  9  70.31 88143.30
9905062263102720272727131720177 12  7 12 12 12  5  6  7  90.52104149.50
9905072263112327201017172017150  9 12  7  4  6  6  7  6  70.42142166.40
9905082263121313 31010 71017 83  5  5  2  4  4  3  4  6  40.10152175.10
9905092263131313101710 71710 97  5  5  4  6  4  3  6  4  50.21149181.70
9905102263142020 7131010 7 0 87  7  7  3  5  4  4  3  0  40.10136172.80
990511226315 0 3 0 3 3 3 3 3 20  0  2  0  2  2  2  2  2  20.00134162.60
990512226316 320202023332717163  2  7  7  7  9 18 12  6  80.52122156.30
9905132263173350472747402027290 18 48 39 12 39 27  7 12 251.26101150.50
9905142263182723301713131313150 12  9 15  6  5  5  5  5  80.42 93147.30
9905152263192017132013131713127  7  6  5  7  5  5  6  5  60.31105146.80
99051622632013101010 713 0 0 63  5  4  4  4  3  5  0  0  30.10105155.60
990517226321 0 3 310 31010 3 43  0  2  2  4  2  4  4  2  20.00 99148.60
9905182263223740403743405023310 22 27 27 22 32 27 48  9 271.26 93143.80
9905192263233023131023272730183 15  9  5  4  9 12 12 15 100.63 94145.80
9905202263242020131717201727150  7  7  5  6  6  7  6 12  70.42 96145.90
9905212263252713 7 713101313103 12  5  3  3  5  4  5  5  50.21109143.70
990522226326 710 7 713 7 3 7 60  3  4  3  3  5  3  2  3  30.10 97143.70
9905232263272010102733202010150  7  4  4 12 18  7  7  4  80.42 86144.20
9905242264 12030172320172740193  7 15  6  9  7  6 12 27 110.63 85140.40
9905252264 24037333730201713227 27 22 18 22 15  7  6  5 150.94 92146.80
9905262264 3231713 717231717133  9  6  5  3  6  9  6  6  60.31114156.60
9905272264 42017171317101330137  7  6  6  5  6  4  5 15  70.31119159.30
9905282264 52313201313172323147  9  5  7  5  5  6  9  9  70.31119156.20
9905292264 613 7 0 3131710 3 67  5  3  0  2  5  6  4  2  30.10115152.70
9905302264 7 0 0 31020232010 87  0  0  2  4  7  9  7  4  40.10107161.10
9905312264 8 7 7 3 7 3 0 313 43  3  3  2  3  2  0  2  5  20.00109170.10
9906012264 9 31013 720232323123  2  4  5  3  7  9  9  9  60.31137181.20
9906022264103013101713131343153 15  5  4  6  5  5  5 32 100.52135178.10
9906032264113317131717 71317133 18  6  5  6  6  3  5  6  70.31131178.50
9906042264121720231323231727163  6  7  9  5  9  9  6 12  80.42140175.90
99060522641320 3 31010 71710 80  7  2  2  4  4  3  6  4  40.10144168.80
990606226414 3 7 7101013 7 0 57  2  3  3  4  4  5  3  0  30.10146172.90
990607226415 310 7 713171723 97  2  4  3  3  5  6  6  9  50.21123162.40
9906082264162330333323372317220  9 15 18 18  9 22  9  6 130.84131161.30
990609226417273013 727403733213 12 15  5  3 12 27 22 18 140.84160170.30
990610226418231710 7 7 7 7 7 83  9  6  4  3  3  3  3  3  40.10146166.00
990611226419 3 7 71010101720 83  2  3  3  4  4  4  6  7  40.10159169.80
9906122264202320 3 31313 713 97  9  7  2  2  5  5  3  5  50.21153173.20
9906132264212013 7 710 71317 93  7  5  3  3  4  3  5  6  40.21152173.00
990614226422 31010 3 3 0 3 7 40  2  4  4  2  2  0  2  3  20.00147173.50
990615226423 3 0 3 723331313 97  2  0  2  3  9 18  5  5  60.21139163.50
9906162264241010202720132713140  4  4  7 12  7  5 12  5  70.42120157.60
9906172264252020231013131013123  7  7  9  4  5  5  4  5  60.31 97151.30
9906182264261023171317171027133  4  9  6  5  6  6  4 12  60.31 80151.20
990619226427171710 71013 7 3 83  6  6  4  3  4  5  3  2  40.10 79143.30
9906202265 1 3 3 0 7131010 0 47  2  2  0  3  5  4  4  0  20.00 62156.50
9906212265 2 0 3 3 7 7 7 3 3 33  0  2  2  3  3  3  2  2  20.00 79150.30
9906222265 3 0 0 3 3 7 7 313 37  0  0  2  2  3  3  2  5  20.00106166.90
9906232265 4 7101313 7 71320 90  3  4  5  5  3  3  5  7  40.21144173.00
9906242265 51310 71017101710 93  5  4  3  4  6  4  6  4  40.21195191.10
9906252265 61710 3 7 3 7 710 63  6  4  2  3  2  3  3  4  30.10194207.50
9906262265 72033373033274730257  7 18 22 15 18 12 39 15 181.05182206.10
9906272265 82027233750405337287  7 12  9 22 48 27 56 22 251.26172214.30
9906282265 92360573323202323263  9 80 67 18  9  7  9  9 261.26169203.20
9906292265101317172320232010143  5  6  6  9  7  9  7  4  70.31160197.70
99063022651110 713 3 3 7 7 3 53  4  3  5  2  2  3  3  2  30.10148216.50
99070122651210 7131313102727120  4  3  5  5  5  4 12 12  60.31141202.00
9907022265133733504023404043307 22 18 48 27  9 27 27 32 261.26146193.40
99070322651430233717 720 313150 15  9 22  6  3  7  2  5  90.52142203.50
990704226515 0 0 3 3 7 3 3 7 27  0  0  2  2  3  2  2  3  20.00134191.90
990705226516 0 0 0 3 7101317 50  0  0  0  2  3  4  5  6  20.00130180.00
990706226517271317 7 7302723150 12  5  6  3  3 15 12  9  80.42122173.50
9907072265181313 7 3 3102017 87  5  5  3  2  2  4  7  6  40.10117163.70
9907082265192010101723171720133  7  4  4  6  9  6  6  7  60.31113154.10
9907092265202310 7 7 7 3 7 7 70  9  4  3  3  3  2  3  3  40.10115155.90
990710226521 3 7 7 713102010 77  2  3  3  3  5  4  7  4  40.10112161.50
990711226522 3 710 710 71023 77  2  3  4  3  4  3  4  9  40.10115157.80
9907122265232733302320132317187 12 18 15  9  7  5  9  6 100.63130159.20
9907132265241313 7 7 71317 7 83  5  5  3  3  3  5  6  3  40.10103148.30
990714226525 3 0 0 7 7103027 83  2  0  0  3  3  4 15 12  50.21 84133.90
9907152265263020231723232017173 15  7  9  6  9  9  7  6  80.52 80133.80
99071622652710 7 7101313 710 77  4  3  3  4  5  5  3  4  40.10 77136.40
9907172266 1 7 3 7 7131310 3 63  3  2  3  3  5  5  4  2  30.10 79141.30
9907182266 2 71013101010 713 80  3  4  5  4  4  4  3  5  40.10 90142.80
9907192266 31710 71010 7 3 7 70  6  4  3  4  4  3  2  3  40.10 79145.80
9907202266 4 7 7 3 72327 713 93  3  3  2  3  9 12  3  5  50.21 77144.10
9907212266 513 7202017474717187  5  3  7  7  6 39 39  6 140.84 79152.10
9907222266 62337434743403730300  9 22 32 39 32 27 22 15 251.26 94157.80
9907232266 73023132327303017193 15  9  5  9 12 15 15  6 110.63 97199.90
9907242266 83327132723172730197 18 12  5 12  9  6 12 15 110.63113190.10
9907252266 92320201317103027160  9  7  7  5  6  4 15 12  80.42119188.00
990726226610201313232013 717127  7  5  5  9  7  5  3  6  60.31100177.80
9907272266111717231017 710 3103  6  6  9  4  6  3  4  2  50.21115179.90
990728226612 7 7101717303333153  3  3  4  6  6 15 18 18  90.52144203.90
9907292266133023101010 71017117 15  9  4  4  4  3  4  6  60.31161208.60
9907302266142720273350537763350 12  7 12 18 48 56179 94 531.67165212.20
9907312266154747401320235347290 39 39 27  5  7  9 56 39 281.26146206.70
99080122661643301310 710 0 3117 32 15  5  4  3  4  0  2  80.42166222.90
990802226617 720201017231713127  3  7  7  4  6  9  6  5  60.31165218.80
99080322661820 7 710 3 72020 93  7  3  3  4  2  3  7  7  40.21151216.90
990804226619303333201317 713167 15 18 18  7  5  6  3  5 100.52127206.00
9908052266202317 71323201323140  9  6  3  5  9  7  5  9  70.31127182.10
9908062266211317132737403733217  5  6  5 12 22 27 22 18 150.84110175.30
9908072266223720171713132730173 22  7  6  6  5  5 12 15 100.52100157.60
99080822662317 7 71310 72737123  6  3  3  5  4  3 12 22  70.42 98141.70
990809226624373337332723 3 3197 22 18 22 18 12  9  2  2 130.84 76141.90
990810226625 3 3 3 310202323 90  2  2  2  2  4  7  9  9  50.21 54130.80
9908112266262720 71010102317123 12  7  3  4  4  4  9  6  60.31 52131.40
9908122266271717271723101727153  6  6 12  6  9  4  6 12  80.42 60126.40
9908132267 12030272317 71320157  7 15 12  9  6  3  5  7  80.42 67129.80
9908142267 21010101710101010 87  4  4  4  6  4  4  4  4  40.10 57131.50
9908152267 31010133343434733233  4  4  5 18 32 32 39 18 191.05 49134.50
9908162267 42320374753474733307  9  7 22 39 56 39 39 18 291.36 44134.40
9908172267 54747533343333723317 39 39 56 18 32 18 22  9 291.36 36144.50
9908182267 64347433340503030317 32 39 32 18 27 48 15 15 281.26 38133.90
9908192267 74040434333303737303 27 27 32 32 18 15 22 22 241.26 42138.00
9908202267 83357405050473037343 18 67 27 48 48 39 15 22 361.46 48155.20
9908212267 9171313202010 7 3103  6  5  5  7  7  4  3  2  50.21 58165.00
990822226710 0 7201020333743170  0  3  7  4  7 18 22 32 120.73 68176.70
9908232267115747332743404040327 67 39 18 12 32 27 27 27 311.36 76191.70
9908242267123737434057403333320 22 22 32 27 67 27 18 18 291.36 86206.40
990825226713231713 713172340153  9  6  5  3  5  6  9 27  90.52129212.90
9908262267142030 31733403740220  7 15  2  6 18 27 22 27 160.94136226.90
9908272267153027331327333323220 15 12 18  5 12 18 18  9 130.84128227.70
9908282267162723273027302727217 12  9 12 15 12 15 12 12 120.73147253.40
9908292267172720202010303023180 12  7  7  7  4 15 15  9 100.52152222.50
9908302267181727435030403737280  6 12 32 48 15 27 22 22 231.15150201.90
9908312267193033303323335047280 15 18 15 18  9 18 48 39 221.15109186.10
9909012267203043433037303030273 15 32 32 15 22 15 15 15 201.05 94165.80
9909022267213327271717202010170 18 12 12  6  6  7  7  4  90.52 82159.30
9909032267221333403733301023220  5 18 27 22 18 15  4  9 150.84 77141.70
9909042267232333332720272020203  9 18 18 12  7 12  7  7 110.63 69133.50
9909052267241730101313 71017117  6 15  4  5  5  3  4  6  60.31 71123.80
99090622672510101713 7172020113  4  4  6  5  3  6  7  7  50.21 58120.40
9909072267261717334027274043243  6  6 18 27 12 12 27 32 181.05 69114.10
9909082267273010101323301027153 15  4  4  5  9 15  4 12  80.52 76108.40
9909092268 12720201737171710163 12  7  7  6 22  6  6  4  90.52 73108.00
9909102268 22330333037233333243  9 15 18 15 22  9 18 18 160.94 74123.70
9909112268 34037171717101013160 27 22  6  6  6  4  4  5 100.63 76124.10
9909122268 42733205030376050307 12 18  7 48 15 22 80 48 311.36 85142.60
9909132268 55760474343505037387 67 80 39 32 32 48 48 22 461.57102156.50
9909142268 64740403723332727273 39 27 27 22  9 18 12 12 211.15112158.20
9909152268 73737505737273017290 22 22 48 67 22 12 15  6 271.26113156.60
9909162268 83360504333373027313 18 80 48 32 18 22 15 12 311.36111159.90
9909172268 93023202040433723237 15  9  7  7 27 32 22  9 160.94 99159.10
99091822681013272737403710 7197  5 12 12 22 27 22  4  3 130.84 99153.00
9909192268112027172733171720177  7 12  6 12 18  6  6  7  90.52 86150.60
9909202268122020201317203320163  7  7  7  5  6  7 18  7  80.42 65146.20
9909212268132010171733203337187  7  4  6  6 18  7 18 22 110.63 44147.90
9909222268143020202750376080323 15  7  7 12 48 22 80207 501.67 60141.50
9909232268156360331310202020240 94 80 18  5  4  7  7  7 281.26 57137.80
990924226816132013101017 313100  5  7  5  4  4  6  2  5  50.21 41132.40
99092522681713 7 3101010 7 7 67  5  3  2  4  4  4  3  3  40.10 29126.10
990926226818 0 0 71020504753187  0  0  3  4  7 48 39 56 201.05 31123.30
9909272268194343474350575347383 32 32 39 32 48 67 56 39 431.57 35124.40
9909282268204337472340403347310 32 22 39  9 27 27 18 39 271.26 46126.50
9909292268214343473327333043300 32 32 39 18 12 18 15 32 251.26 52125.30
9909302268224753404333273023297 39 56 27 32 18 12 15  9 261.26 58125.10
9910012268232327131730173013170  9 12  5  6 15  6 15  5  90.52 50121.90
9910022268243033371727232027213 15 18 22  6 12  9  7 12 130.73 64126.60
9910032268252020232017271327167  7  7  9  7  6 12  5 12  80.42 68134.70
9910042268261333333727303737247  5 18 18 22 12 15 22 22 170.94 77144.40
9910052268272730233340372740257 12 15  9 18 27 22 12 27 181.05124146.20
9910062269 1 710202023131310117  3  4  7  7  9  5  5  4  60.21136133.50
9910072269 217231713 7 31310103  6  9  6  5  3  2  5  4  50.21138129.20
9910082269 31330172027 3 717133  5 15  6  7 12  2  3  6  70.42113150.90
9910092269 4 7101310 7172730120  3  4  5  4  3  6 12 15  60.31131152.80
9910102269 52743434747574030333 12 32 32 39 39 67 27 15 331.36130160.00
9910112269 64333473733473350323 32 18 39 22 18 39 18 48 291.36126166.00
9910122269 75050375053535343390 48 48 22 48 56 56 56 32 461.57145182.90
9910132269 84730402737404033293 39 15 27 12 22 27 27 18 231.15157190.10
9910142269 93343373747504343333 18 32 22 22 39 48 32 32 311.36151198.70
9910152269105050434037473327327 48 48 32 27 22 39 18 12 311.36115197.10
9910162269114047333737473730307 27 39 18 22 22 39 22 15 261.26122187.80
9910172269124037473743271320263 27 22 39 22 32 12  5  7 211.15125176.80
9910182269131013 31723172320127  4  5  2  6  9  6  9  7  60.31114171.40
99101922691430202710 3 0 3 3 97 15  7 12  4  2  0  2  2  60.21109168.20
991020226915 710 31010 7 7 7 60  3  4  2  4  4  3  3  3  30.10113157.40
9910212269163350202017303347250 18 48  7  7  6 15 18 39 201.05 97157.00
9910222269177077805347435733460132179207 56 39 32 67 18 911.98 86158.80
9910232269184047332753504340333 27 39 18 12 56 48 32 27 321.36 79162.80
9910242269194740433740303343313 39 27 32 22 27 15 18 32 261.26 90157.10
99102522692037333033373323 7233 22 18 15 18 22 18  9  3 160.94120177.20
991026226921 723202723272727180  3  9  7 12  9 12 12 12 100.52143187.10
9910272269222740273330473027260 12 27 12 18 15 39 15 12 191.05140194.80
9910282269232317271743405333253  9  6 12  6 32 27 56 18 211.15135181.50
9910292269242720202320102727173 12  7  7  9  7  4 12 12  90.52137177.20
9910302269251010172023201017127  4  4  6  7  9  7  4  6  60.31155167.00
9910312269262020203720201730183  7  7  7 22  7  7  6 15 100.52129158.10
9911012269272723203723172313183 12  9  7 22  9  6  9  5 100.63115148.40
9911022270 12720202010101320140 12  7  7  7  4  4  5  7  70.31 99140.60
9911032270 230 3 31310 31720100 15  2  2  5  4  2  6  7  50.21 81140.80
9911042270 3202310 710 7 713 97  7  9  4  3  4  3  3  5  50.21 95145.10
9911052270 413 7 3 3 3 72030 87  5  3  2  2  2  3  7 15  50.21102157.80
9911062270 53013172017233717173 15  5  6  7  6  9 22  6 100.52103147.40
9911072270 63343474350502733327 18 32 39 32 48 48 12 18 311.36123170.80
9911082270 74037473747374343330 27 22 39 22 39 22 32 32 291.36146188.40
9911092270 83747374040434043327 22 39 22 27 27 32 27 32 281.26169225.50
9911102270 93333233330333737260 18 18  9 18 15 18 22 22 181.05206243.60
9911112270103747404033334040310 22 39 27 27 18 18 27 27 261.26205235.00
9911122270113023232020203030197 15  9  9  7  7  7 15 15 100.63188227.10
9911132270124343372750506353367 32 32 22 12 48 48 94 56 431.57164219.10
9911142270132723272027273027207 12  9 12  7 12 12 15 12 110.73146214.20
99111522701423 7131313 71010 97  9  3  5  5  5  3  4  4  50.21153201.10
9911162270151013203737432727213  4  5  7 22 22 32 12 12 140.84171228.20
9911172270162017233030303027207  7  6  9 15 15 15 15 12 120.73166216.30
9911182270173030333030303733253 15 15 18 15 15 15 22 18 170.94159212.90
9911192270182733231720172340200 12 18  9  6  7  6  9 27 120.73164205.10
9911202270193327232710101017157 18 12  9 12  4  4  4  6  90.52152199.50
99112122702023273320 7273330200  9 12 18  7  3 12 18 15 120.73142205.00
9911222270213720133733201310183 22  7  5 22 18  7  5  4 110.63137187.20
9911232270222040472727232743253  7 27 39 12 12  9 12 32 191.05110180.90
9911242270233333405030303023270 18 18 27 48 15 15 15  9 211.15103181.90
9911252270242023304737303330250  7  9 15 39 22 15 18 15 181.05102179.00
9911262270251310101720 3 0 0 73  5  4  4  6  7  2  0  0  40.10 95167.70
991127227026 0 0 3 313 3 0 7 30  0  0  2  2  5  2  0  3  20.00124164.50
9911282270272020232317232027173  7  7  9  9  6  9  7 12  80.42105170.10
9911292271 12313 71710 0 313 87  9  5  3  6  4  0  2  5  40.10 78159.50
9911302271 22323203033102327190  9  9  7 15 18  4  9 12 100.63 93158.30
9912012271 323 7 313 7132013100  9  3  2  5  3  5  7  5  50.21103160.40
9912022271 417 3 3 717 71723 93  6  2  2  3  6  3  6  9  50.21 99160.90
9912032271 52727204030373030240 12 12  7 27 15 22 15 15 160.94 70147.50
9912042271 64330405043503733327 32 15 27 48 32 48 22 18 301.36 57143.30
9912052271 74037433727373027277 27 22 32 22 12 22 15 12 201.05 51138.60
9912062271 82343373337303023257  9 32 22 18 22 15 15  9 181.05 63138.60
9912072271 93727333323303330247 22 12 18 18  9 15 18 15 160.94 59148.80
9912082271103023372723302733230 15  9 22 12  9 15 12 18 140.84 78145.60
9912092271113337272723203030227 18 22 12 12  9  7 15 15 140.84 87151.50
9912102271122027201320303320183  7 12  7  5  7 15 18  7 100.52110159.50
991211227113102327203320 0 0133  4  9 12  7 18  7  0  0  70.42101154.30
9912122271141327 72013303733180  5 12  3  7  5 15 22 18 110.63 89154.40
99121322711540475740373313 3270 27 39 67 27 22 18  5  2 261.26102161.00
9912142271161310 7 0 01013 0 53  5  4  3  0  0  4  5  0  30.00104163.10
991215227117 3 3 0 0 3 31330 57  2  2  0  0  2  2  5 15  40.10 92173.10
991216227118172020 7 7101317110  6  7  7  3  3  4  5  6  50.21 94187.90
99121722711920271713202320 7147  7 12  6  5  7  9  7  3  70.42102194.40
99121822712010 7131010272323123  4  3  5  4  4 12  9  9  60.31 99198.90
9912192271211020 71020131010100  4  7  3  4  7  5  4  4  50.21100200.30
991220227122 0 0 713 310 717 57  0  0  3  5  2  4  3  6  30.10102202.40
991221227123 3 310 7 0 7 7 3 40  2  2  4  3  0  3  3  2  20.00 93210.10
991222227124 0 0 0 0 3 3 3 0 10  0  0  0  0  2  2  2  0  10.00 94195.10
991223227125 0 0 0 01013 717 47  0  0  0  0  4  5  3  6  20.00 89191.90
9912242271262337402317101320183  9 22 27  9  6  4  5  7 110.63 97176.50
9912252271272727331333201313180 12 12 18  5 18  7  5  5 100.63 93172.50
9912262272 1 7 0 0 0 3 3 317 33  3  0  0  0  2  2  2  6  20.00 84171.20
9912272272 233271713 71017 7130 18 12  6  5  3  4  6  3  70.42 69156.40
9912282272 31327101317132333150  5 12  4  5  6  5  9 18  80.42 62145.40
9912292272 4332720 7 3201327150 18 12  7  3  2  7  5 12  80.42 75139.00
9912302272 5 310171713204043163  2  4  6  6  5  7 27 32 110.63 48131.20
9912312272 65743373740374753350 67 32 22 22 27 22 39 56 361.46 57125.80
