1801012515213033202327 71013163 15 18  7  9 12  3  4  5  9 .52  0 66.80 
1801022515221310 0 713101710 80  5  4  0  3  5  4  6  4  4 .10  0 67.20 
180103251523 3 71010 310 3 0 46  2  3  4  4  2  4  2  0  3 .00  0 68.30 
180104251524 7 010 0 3 31310 46  3  0  4  0  2  2  5  4  2 .00  9 67.20 
180105251525 71713 7 7101013 84  3  6  5  3  3  4  4  5  4 .10  7 67.00 
18010625152613 0 3 0 3 0 3 3 25  5  0  2  0  2  0  2  2  2 .00  7 67.10 
18010725152710 0 0 0 0 3 7 3 23  4  0  0  0  0  2  3  2  1 .00  0 67.60 
1801082516 1 3 7231333302013142  2  3  9  5 18 15  7  5  8 .42  9 68.00 
1801092516 23723231317171013153 22  9  9  5  6  6  4  5  8 .42  8 68.50 
1801102516 3131310 7 3 7 7 3 63  5  5  4  3  2  3  3  2  3 .10 14 68.10 
1801112516 4 310 0 3 3 0 3 7 29  2  4  0  2  2  0  2  3  2 .00  7 68.50 
1801122516 51013 710 713 7 3 70  4  5  3  4  3  5  3  2  4 .10  0 68.60 
1801132516 6 3 3101017132717100  2  2  4  4  6  5 12  6  5 .21  0 68.50 
1801142516 7404020101317 723170 27 27  7  4  5  6  3  9 11 .63  0 68.20 
1801152516 833202710 7201317147 18  7 12  4  3  7  5  6  8 .42  8 67.90 
1801162516 920 3 710 7 3 7 7 64  7  2  3  4  3  2  3  3  3 .10 11 68.80 
180117251610 0 0 0 3 3 0 0 3  9  0  0  0  2  2  0  0  2  1 .00 12 68.60 
180118251611 0 3 0 0 0 3 3 7 16  0  2  0  0  0  2  2  3  1 .00  9 68.80 
18011925161210272317 3 31723123  4 12  9  6  2  2  6  9  6 .31  5 68.50 
18012025161327272710 3 71013124 12 12 12  4  2  3  4  5  7 .31  0 67.40 
18012125161410 7171723172723141  4  3  6  6  9  6 12  9  7 .31  0 66.10 
18012225161530271717 7203027175 15 12  6  6  3  7 15 12 10 .52  0 67.90 
1801232516161713 3 71010 3 3 66  6  5  2  3  4  4  2  2  4 .10  0 68.30 
180124251617 0 3 7 727301033117  0  2  3  3 12 15  4 18  7 .42  0 67.70 
1801252516183023201713271720167 15  9  7  6  5 12  6  7  8 .52  0 68.20 
18012625161930202710 3 71317127 15  7 12  4  2  3  5  6  7 .31  0 67.70 
1801272516202313 713 7131710103  9  5  3  5  3  5  6  4  5 .21  0 66.70 
18012825162110 3 0 317 3 717 60  4  2  0  2  6  2  3  6  3 .10  0 66.40 
180129251622 7 31013 7 7 7 7 61  3  2  4  5  3  3  3  3  3 .10  0 66.20 
180130251623 72313 7 0 0 3 3 56  3  9  5  3  0  0  2  2  3 .10  0 66.90 
180131251624 0 0172020101010 87  0  0  6  7  7  4  4  4  0 .00  5 66.50 
18020125162520 3 3 3 3 31317 65  7  2  2  2  2  2  5  6  4 .10  0 67.00 
18020225162620 7 7 7 3 3 7 3 57  7  3  3  3  2  2  3  2  3 .10  0 66.80 
180203251627 3 010 7 3 31313 52  2  0  4  3  2  2  5  5  3 .10  0 67.30 
1802042517 1 7 0 0 3 7 720 7 51  3  0  0  2  3  3  7  3  3 .00  0 71.00 
1802052517 2232020202317 7 3133  9  7  7  7  9  6  3  2  6 .31 11 72.00 
1802062517 3 320131710 0 713 83  2  7  5  6  4  0  3  5  4 .10 12 74.80 
1802072517 4 3 3 71013 0 0 0 36  2  2  3  4  5  0  0  0  2 .00 15 74.60 
1802082517 5 310 3 7 3 0 317 46  2  4  2  3  2  0  2  6  3 .00 17 75.50 
1802092517 6132710 0 0 0 323 76  5 12  4  0  0  0  2  9  4 .10 18 76.10 
1802102517 710201023201313 3112  4  7  4  9  7  5  5  2  5 .21 18 76.20 
1802112517 8 7 0 3 3 3 7 0 3 26  3  0  2  2  2  3  0  2  2 .00 21 76.20 
1802122517 9 31013 7 3 317 7 63  2  4  5  3  2  2  6  3  3 .10 20 76.60 
180213251710 010 7 7 3 3 313 46  0  4  3  3  2  2  2  5  3 .00 18 74.10 
18021425171110 0 0 3 0 0 713 33  4  0  0  2  0  0  3  5  2 .00 16 73.40 
18021525171210 0231320402727160  4  0  9  5  7 27 12 12 10 .52 12 70.80 
18021625171323232313 3101723135  9  9  9  5  2  4  6  9  7 .31  9 69.80 
1802172517143037271327171023184 15 22 12  5 12  6  4  9 11 .63  0 67.40 
1802182517154020232030332323212 27  7  9  7 15 18  9  9 13 .73  0 68.70 
1802192517164340202027173723227 32 27  7  7 12  6 22  9 15 .94  0 67.50 
18022025171723 0 3 310 7 3 0 49  9  0  2  2  4  3  2  0  3 .00  0 66.30 
180221251718 0 01017 3 3 7 3 43  0  0  4  6  2  2  3  2  2 .00  0 66.10 
1802222517191710101720273730168  6  4  4  6  7 12 22 15 10 .52  0 67.00 
1802232517201737334317203020217  6 22 18 32  6  7 15  7 14 .84  0 66.20 
1802242517213027231710 3 313126 15 12  9  6  4  2  2  5  7 .31  0 66.80 
180225251722 7 0 7 0 0131313 53  3  0  3  0  0  5  5  5  3 .00  0 65.90 
180226251723201317131010 330116  7  5  6  5  4  4  2 15  6 .31 12 68.40 
18022725172440502023432310 7216 27 48  7  9 32  9  4  3 17 .94 12 66.60 
1802282517252020101717201713134  7  7  4  6  6  7  6  5  6 .00  8 66.97 
180301251726 313101010 72323 99  2  5  4  4  4  3  9  9  5 .21  0 66.00 
18030225172720 3 3 3 3 3 710 52  7  2  2  2  2  2  3  4  3 .10  0 66.60 
1803032518 110 0131713101323 99  4  0  5  6  5  4  5  9  5 .21  0 66.70 
1803042518 2232313 71013 7 7103  9  9  5  3  4  5  3  3  5 .21  0 66.40 
1803052518 313 31013 7131013 82  5  2  4  5  3  5  4  5  4 .10  0 66.50 
1803062518 413 7 7 71017 3 7 71  5  3  3  3  4  6  2  3  4 .10  0 66.50 
1803072518 5 3 010 0 0 32310 49  2  0  4  0  0  2  9  4  3 .00  0 66.80 
1803082518 6 71317 7 3 0 7 3 57  3  5  6  3  2  0  3  2  3 .10  0 65.60 
1803092518 72727 710 7102340151 12 12  3  4  3  4  9 27  9 .52  0 66.60 
1803102518 83733231317132017173 22 18  9  5  6  5  7  6 10 .52  0 66.80 
1803112518 9231713 3 3 310 7 79  9  6  5  2  2  2  4  3  4 .10  0 66.90 
180312251810 7 0 0 3 710 3 0 30  3  0  0  2  3  4  2  0  2 .00  0 67.30 
180313251811 0 310 710 7 7 7 51  0  2  4  3  4  3  3  3  3 .00  0 67.70 
180314251812 7 310 713332737137  3  2  4  3  5 18 12 22  9 .52  0 66.90 
1803152518134023172317273033210 27  9  6  9  6 12 15 18 13 .73  0 68.30 
1803162518143343272327372733250 18 32 12  9 12 22 12 18 17 .94  0 67.90 
1803172518154027231317132033186 27 12  9  5  6  5  7 18 11 .63  0 69.00 
1803182518162723101330374357240 12  9  4  5 15 22 32 67 211.15  5 68.50 
180319251817433330 717172033200 32 18 15  3  6  6  7 18 13 .84  0 69.70 
1803202518182327 3 310 71713103  9 12  2  2  4  3  6  5  5 .21  0 68.20 
1803212518191017 3 0 3 31713 66  4  6  2  0  2  2  6  5  3 .10  0 68.80 
1803222518201020 0 3 7132330106  4  7  0  2  3  5  9 15  6 .31  0 68.00 
1803232518213730132717133340210 22 15  5 12  6  5 18 27 14 .84  0 67.70 
1803242518222017132017172030154  7  6  5  7  6  6  7 15  7 .42  0 67.20 
1803252518233037273323232340236 15 22 12 18  9  9  9 27 15 .94  0 68.00 
1803262518243027232010232723183 15 12  9  7  4  9 12  9 10 .52  0 67.50 
180327251825272723172010 3 7134 12 12  9  6  7  4  2  3  7 .31  0 68.00 
180328251826 7 7 7 0 3 0 3 3 30  3  3  3  0  2  0  2  2  2 .00  0 68.30 
180329251827 3 0 717 713 710 64  2  0  3  6  3  5  3  4  3 .10  0 68.80 
1803302519 11320 71013 7 7 7 84  5  7  3  4  5  3  3  3  4 .10  8 68.60 
1803312519 22717101313131010113 12  6  4  5  5  5  4  4  5 .00  8 68.57 
1804012519 31310101710101010 90  5  4  4  6  4  4  4  4  4 .21  5 68.90 
1804022519 417 7 3 713101010 77  6  3  2  3  5  4  4  4  4 .10  0 68.40 
1804032519 51320 7 0 0 0 0 3 43  5  7  3  0  0  0  0  2  2 .00  0 67.80 
1804042519 6 3 0 31313131320 78  2  0  2  5  5  5  5  7  4 .10  0 68.60 
1804052519 7272310 313233017146 12  9  4  2  5  9 15  6  8 .42  0 66.40 
1804062519 8 7 3 3 7 313 7 7 50  3  2  2  3  2  5  3  3  3 .10  0 67.40 
1804072519 9 310 7 3 710 317 60  2  4  3  2  3  4  2  6  3 .10  0 67.00 
1804082519101013 3 7 0131720 83  4  5  2  3  0  5  6  7  4 .10  0 68.10 
1804092519111713201717202740171  6  5  7  6  6  7 12 27 10 .52  0 68.90 
1804102519122040372733272333240  7 27 22 12 18 12  9 18 16 .94  5 68.80 
1804112519134033301713 71020170 27 18 15  6  5  3  4  7 11 .63  0 68.60 
1804122519141717231317132327150  6  6  9  5  6  5  9 12  7 .42  5 70.40 
1804132519154023201310 72023156 27  9  7  5  4  3  7  9  9 .52 10 70.10 
1804142519162010 0 717171317101  7  4  0  3  6  6  5  6  5 .21  0 69.90 
180415251917201313 713 7 717 97  7  5  5  3  5  3  3  6  5 .21  5 71.00 
18041625191810 7 0 3 3 3 010 36  4  3  0  2  2  2  0  4  2 .00  5 69.70 
18041725191910 7 7 0 3 3 313 46  4  3  3  0  2  2  2  5  3 .00  7 69.80 
1804182519201313 710171313 7 93  5  5  3  4  6  5  5  3  4 .21  0 71.40 
180419251921 3 3 010 3 0 3 3 25  2  2  0  4  2  0  2  2  2 .00  5 71.40 
1804202519223740575743475333367 22 27 67 67 32 39 56 18 411.57 11 73.70 
1804212519233023272023302313189 15  9 12  7  9 15  9  5 10 .63 17 77.50 
180422251924101310 317 71017 87  4  5  4  2  6  3  4  6  4 .10 14 76.50 
1804232519252717 3 0 7 72720108 12  6  2  0  3  3 12  7  6 .31 15 74.70 
180424251926 7 010 313131717 80  3  0  4  2  5  5  6  6  4 .10 14 73.70 
1804252519272017 7 7 3 3 013 70  7  6  3  3  2  2  0  5  4 .10 12 71.60 
1804262520 113 7 313 7 3 317 66  5  3  2  5  3  2  2  6  4 .10  9 70.30 
1804272520 213 0 0 713271720 97  5  0  0  3  5 12  6  7  5 .21  9 69.60 
1804282520 317 7 3 310 7 3 3 53  6  3  2  2  4  3  2  2  3 .10  0 71.10 
1804292520 4 3 010 71013 313 59  2  0  4  3  4  5  2  5  3 .10  0 72.20 
1804302520 52317 7 31713 713100  9  6  3  2  6  5  3  5  4 .00  0 70.97 
1805012520 6 3 3 7 3 3 3 7 7 36  2  2  3  2  2  2  3  3  2 .00  0 69.50 
1805022520 710171310 7 7 3 0 67  4  6  5  4  3  3  2  0  3 .10  0 68.10 
1805032520 8 7 3 3 3 7 7 717 54  3  2  2  2  3  3  3  6  3 .10  0 67.60 
1805042520 9 3 713 7 7 71010 64  2  3  5  3  3  3  4  4  3 .10  8 68.90 
180505252010 710 32737474057228  3  4  2 12 22 39 27 67 221.15 10 68.70 
1805062520115337272730274043284 56 22 12 12 15 12 27 32 241.15 10 68.40 
1805072520124037271727302330231 27 22 12  6 12 15  9 15 15 .84 11 70.90 
1805082520132330232723333723219  9 15  9 12  9 18 22  9 13 .73 14 70.90 
1805092520143323231723234037219 18  9  9  6  9  9 27 22 14 .84 14 70.90 
180510252015332027202027 723177 18  7 12  7  7 12  3  9  9 .52  8 71.00 
1805112520161733331723173333206  6 18 18  6  9  6 18 18 12 .73  7 71.70 
18051225201727331313 7 71720137 12 18  5  5  3  3  6  7  7 .42  9 71.20 
180513252018 717201723201723144  3  6  7  6  9  7  6  9  7 .31  7 72.40 
180514252019 71010 7 7131020 84  3  4  4  3  3  5  4  7  4 .10  0 71.80 
180515252020 7 710 3 7131013 70  3  3  4  2  3  5  4  5  4 .10  0 71.90 
180516252021 3 3 3 310 71313 55  2  2  2  2  4  3  5  5  3 .10  0 71.50 
1805172520222717172327232020174 12  6  6  9 12  9  7  7  8 .52  0 70.50 
1805182520231313 3101310 710 79  5  5  2  4  5  4  3  4  4 .10  0 71.10 
180519252024 0 0 0 3 7 710 7 34  0  0  0  2  3  3  4  3  2 .00  0 71.90 
180520252025 710 7 3 7 3 0 3 40  3  4  3  2  3  2  0  2  2 .00  0 70.40 
180521252026 3 7 0 7 0 3 010 30  2  3  0  3  0  2  0  4  2 .00  7 71.30 
180522252027 3 7171017131717101  2  3  6  4  6  5  6  6  5 .21  9 72.60 
1805232521 1132027272313 313139  5  7 12 12  9  5  2  5  7 .42 18 75.00 
1805242521 21313 3 3 7 7 3 7 56  5  5  2  2  3  3  2  3  3 .10 24 75.60 
1805252521 310 7 3 31010 7 0 50  4  3  2  2  4  4  3  0  3 .00 23 77.70 
1805262521 4 3 7 0 3 7 31013 46  2  3  0  2  3  2  4  5  3 .00 19 74.90 
1805272521 51010 310 3 3 3 7 49  4  4  2  4  2  2  2  3  3 .10 19 76.60 
1805282521 6 71010 71310 7 7 71  3  4  4  3  5  4  3  3  4 .10 14 78.90 
1805292521 7 713 7 7 7 310 7 61  3  5  3  3  3  2  4  3  3 .10 17 77.00 
1805302521 8 3 3 7 3 3 71317 56  2  2  3  2  2  3  5  6  3 .10 15 77.30 
1805312521 91310 31013101317 89  5  4  2  4  5  4  5  6  4 .00 15 77.73 
1806012521103337434347332323282 18 22 32 32 39 18  9  9 221.15 16 76.90 
1806022521112337271723203737221  9 22 12  6  9  7 22 22 14 .84 16 76.50 
1806032521122717101727231720158 12  6  4  6 12  9  6  7  8 .42  9 75.70 
180604252113 7131013 31013 7 76  3  5  4  5  2  4  5  3  4 .10  0 72.60 
18060525211417171013171317 7111  6  6  4  5  6  5  6  3  5 .21  0 73.40 
180606252115 710 3 310202720100  3  4  2  2  4  7 12  7  5 .21  5 73.20 
18060725211627131010 3 71013 93 12  5  4  4  2  3  4  5  5 .21  0 71.30 
1806082521171017 31710 3 0 3 63  4  6  2  6  4  2  0  2  3 .10  0 70.20 
180609252118 7 3 710 3 713 7 57  3  2  3  4  2  3  5  3  3 .10  0 68.80 
180610252119 310 0 0 3 7 7 3 33  2  4  0  0  2  3  3  2  2 .00  0 72.40 
18061125212010 3 3 3 710 313 52  4  2  2  2  3  4  2  5  3 .10  0 72.00 
1806122521211313 3 0 3 3 310 48  5  5  2  0  2  2  2  4  3 .00  8 72.50 
180613252122 0 7 7 3 3 31320 56  0  3  3  2  2  2  5  7  3 .10 11 73.00 
18061425212317101310 7 7 710 81  6  4  5  4  3  3  3  4  4 .10 11 74.70 
180615252124 7 7 7 7 31010 7 58  3  3  3  3  2  4  4  3  3 .10 10 72.80 
180616252125 3 7 3 0 3 3 310 32  2  3  2  0  2  2  2  4  2 .00 10 72.70 
180617252126 710 7 3 3101717 74  3  4  3  2  2  4  6  6  4 .10  9 74.60 
1806182521274330333330231723232 32 15 18 18 15  9  6  9 15 .94 20 76.10 
1806192522 11317231710 7 713107  5  6  9  6  4  3  3  5  5 .21 24 79.00 
1806202522 2 7172017 7 7 710 92  3  6  7  6  3  3  3  4  4 .21 39 84.70 
1806212522 3 7 7 7 7 0 3 3 3 37  3  3  3  3  0  2  2  2  2 .00 36 84.20 
1806222522 4 31010 3 3 713 7 56  2  4  4  2  2  3  5  3  3 .10 30 83.00 
1806232522 52327173737302737235  9 12  6 22 22 15 12 22 15 .84 27 79.70 
1806242522 62317201717 71313127  9  6  7  6  6  3  5  5  6 .31 17 77.00 
1806252522 710 7 71720172750155  4  3  3  6  7  6 12 48 11 .63 12 75.20 
1806262522 84733273337303020257 39 18 12 18 22 15 15  7 181.05 11 73.40 
1806272522 91023131317101027123  4  9  5  5  6  4  4 12  6 .31  6 72.40 
18062825221017 7 710171313 7 91  6  3  3  4  6  5  5  3  4 .21  0 71.90 
180629252211 713 7 7 7 7 3 0 51  3  5  3  3  3  3  2  0  3 .00  0 70.90 
180630252212 3 31010 710 7 7 57  2  2  4  4  3  4  3  3  3 .00  0 71.73 
180701252213 3 3 3 3 0 0 3 3 18  2  2  2  2  0  0  2  2  2 .00  0 70.40 
180702252214 3 3 3 3 7 7 3 0 29  2  2  2  2  3  3  2  0  2 .00  0 68.80 
180703252215 0 3 0 31317 710 53  0  2  0  2  5  6  3  4  3 .00  0 70.50 
180704252216 7 710 7101010 7 68  3  3  4  3  4  4  4  3  4 .10  0 70.20 
1807052522172010 32033434740216  7  4  2  7 18 32 39 27 17 .94  0 70.40 
1807062522183317 72010 7 720121 18  6  3  7  4  3  3  7  6 .31  0 72.90 
1807072522191713 7 7 7131710 91  6  5  3  3  3  5  6  4  4 .21  0 74.40 
18070825222010 710 710 3 710 64  4  3  4  3  4  2  3  4  3 .10  0 74.00 
180709252221 3 7 7 3 7 7 3 7 44  2  3  3  2  3  3  2  3  3 .00  0 75.40 
18071025222213231713201710 7120  5  9  6  5  7  6  4  3  6 .31  0 74.50 
180711252223 717202327172317151  3  6  7  9 12  6  9  6  7 .42  0 75.80 
1807122522241320201317131313122  5  7  7  5  6  5  5  5  6 .31  0 74.60 
180713252225231713 7 710 7 3 87  9  6  5  3  3  4  3  2  4 .21  0 74.90 
1807142522261310101010 3 7 0 63  5  4  4  4  4  2  3  0  3 .10  0 74.70 
18071525222710 7 3 3 3 7 7 3 43  4  3  2  2  2  3  3  2  3 .00  0 74.10 
1807162523 1 7172717 7202330148  3  6 12  6  3  7  9 15  8 .42  0 74.30 
1807172523 210303010 710 310110  4 15 15  4  3  4  2  4  6 .31  0 73.50 
1807182523 3 7 7 7 3 7 31010 54  3  3  3  2  3  2  4  4  3 .10  0 73.60 
1807192523 4 7 3 7 7 3 713 7 54  3  2  3  3  2  3  5  3  3 .10  0 72.80 
1807202523 517 7102017101720118  6  3  4  7  6  4  6  7  5 .21  0 72.70 
1807212523 61717302733231317177  6  6 15 12 18  9  5  6 10 .52  0 72.20 
1807222523 7171013131013 7 7 90  6  4  5  5  4  5  3  3  4 .21  0 70.40 
1807232523 8 3 7 7 7 3 31010 50  2  3  3  3  2  2  4  4  3 .10  0 69.10 
1807242523 93730332717272333227 22 15 18 12  6 12  9 18 14 .84  0 69.00 
1807252523103033171310101017140 15 18  6  5  4  4  4  6  8 .42  0 67.90 
180726252311 710 3 710 7 7 7 58  3  4  2  3  4  3  3  3  3 .10  0 68.30 
180727252312 7 7 3 3 3 3 713 46  3  3  2  2  2  2  3  5  3 .00  0 68.60 
1807282523131313 71710 310 7 80  5  5  3  6  4  2  4  3  4 .10  0 70.00 
18072925231413 710 7 7 71310 74  5  3  4  3  3  3  5  4  4 .10  0 70.00 
180730252315 7 3 0 317101717 74  3  2  0  2  6  4  6  6  4 .10  0 69.70 
18073125231617 7101017101717105  6  3  4  4  6  4  6  6  4 .00  0 69.90 
18080125231720 7 31013171720107  7  3  2  4  5  6  6  7  5 .21  8 72.30 
1808022523182717171013 3 0 3 90 12  6  6  4  5  2  0  2  5 .21  8 72.00 
180803252319 71010232013 3 7 93  3  4  4  9  7  5  2  3  5 .21  0 72.30 
1808042523202020 710 3 3 310 76  7  7  3  4  2  2  2  4  4 .10  0 72.50 
180805252321 710 7201010 0 7 71  3  4  3  7  4  4  0  3  4 .10  0 71.20 
180806252322 0 7 71010 310 3 50  0  3  3  4  4  2  4  2  3 .00  0 71.10 
1808072523232017101730202720161  7  6  4  6 15  7 12  7  8 .42  0 71.50 
180808252324 7 7131313101010 83  3  3  5  5  5  4  4  4  4 .10  0 71.60 
18080925232510 71310 7 3 710 67  4  3  5  4  3  2  3  4  4 .10  0 72.20 
18081025232610 7 3 3 7101010 60  4  3  2  2  3  4  4  4  3 .10  0 71.40 
1808112523271317171730232040177  5  6  6  6 15  9  7 27 10 .63  0 69.30 
1808122524 113 7 71713 71717 98  5  3  3  6  5  3  6  6  5 .21  0 69.90 
1808132524 2 3 7 71010 3 313 56  2  3  3  4  4  2  2  5  3 .10  0 69.60 
1808142524 313 3 310 3 7 010 49  5  2  2  4  2  3  0  4  3 .00  8 70.50 
1808152524 41710172740303333207  6  4  6 12 27 15 18 18 13 .84  9 70.60 
1808162524 53323172323131323168 18  9  6  9  9  5  5  9  9 .52  9 70.00 
1808172524 62737201710 32730171 12 22  7  6  4  2 12 15 10 .63  8 69.00 
1808182524 71727332723201017174  6 12 18 12  9  7  4  6  9 .52  7 68.90 
1808192524 817131013 7272023130  6  5  4  5  3 12  7  9  6 .31 12 68.40 
1808202524 93333132023273723209 18 18  5  7  9 12 22  9 12 .73 11 69.60 
18082125241023102017 710 720114  9  4  7  6  3  4  3  7  5 .21 11 69.40 
180822252411172013 310 7 320 93  6  7  5  2  4  3  2  7  4 .21  0 68.40 
18082325241220 7 7 310 710 7 71  7  3  3  2  4  3  4  3  4 .10 11 71.10 
180824252413 0 7101023 7 7 7 71  0  3  4  4  9  3  3  3  4 .10 20 74.00 
180825252414 710202323133043169  3  4  7  9  9  5 15 32 10 .63 23 73.10 
1808262524155367735043605023419 56111154 48 32 80 48  9 671.77 21 72.60 
1808272524161323273330534730256  5  9 12 18 15 56 39 15 211.15  9 71.00 
1808282524173323172320 7 3 7133 18  9  6  9  7  3  2  3  7 .42  7 71.20 
1808292524182313 7 7 7171313100  9  5  3  3  3  6  5  5  5 .21  0 71.80 
18083025241913 7 7 0 3 31020 63  5  3  3  0  2  2  4  7  3 .10  0 69.60 
18083125242013 7 7 710 71017 78  5  3  3  3  4  3  4  6  3 .00  0 70.87 
18090125242110 7 3 313 71713 73  4  3  2  2  5  3  6  5  4 .10  0 69.50 
180902252422131710 3 3101320 89  5  6  4  2  2  4  5  7  4 .21  0 68.90 
1809032524231013 3 3 7 7 717 67  4  5  2  2  3  3  3  6  4 .10  0 69.30 
180904252424172723 7 7132030144  6 12  9  3  3  5  7 15  8 .42  0 68.60 
1809052524253327132727171310167 18 12  5 12 12  6  5  4  9 .52  0 68.60 
180906252426201313 3 7 71017 90  7  5  5  2  3  3  4  6  4 .21  0 68.40 
1809072524272017 7 71010 310 84  7  6  3  3  4  4  2  4  4 .10  0 68.60 
1809082525 1 7 023 7 310 720 77  3  0  9  3  2  4  3  7  4 .10 11 69.70 
1809092525 2201010 313131723109  7  4  4  2  5  5  6  9  5 .21 10 69.40 
1809102525 3 3 3 72327504347203  2  2  3  9 12 48 32 39 181.05  7 69.90 
1809112525 43347535330273323299 18 39 56 56 15 12 18  9 281.26 10 70.30 
1809122525 52017101313202037150  7  6  4  5  5  7  7 22  8 .42  9 70.60 
1809132525 63737303330302027244 22 22 15 18 15 15  7 12 16 .94  0 70.50 
1809142525 74340202020202723213 32 27  7  7  7  7 12  9 14 .84  0 69.80 
1809152525 8231720172010 723137  9  6  7  6  7  4  3  9  6 .31  0 69.20 
1809162525 913201013 7 01020 93  5  7  4  5  3  0  4  7  4 .21  0 69.80 
1809172525103023171717232327177 15  9  6  6  6  9  9 12  9 .52  9 68.50 
18091825251123171720 7 7 713111  9  6  6  7  3  3  3  5  5 .21  0 68.80 
180919252512102313 7 3 7 0 3 66  4  9  5  3  2  3  0  2  4 .10  0 68.50 
180920252513 3 0 3 3 3 0 0 0 12  2  0  2  2  2  0  0  0  1 .00  0 67.20 
180921252514 3 7 3 7 7101740 94  2  3  2  3  3  4  6 27  6 .31  0 67.40 
1809222525154337303740273733284 32 22 15 22 27 12 22 18 211.15  0 68.40 
1809232525163323172323202023182 18  9  6  9  9  7  7  9  9 .52  0 68.90 
1809242525172323131710 71717127  9  9  5  6  4  3  6  6  6 .31  0 69.00 
1809252525182323102327202327176  9  9  4  9 12  7  9 12  9 .52  0 68.00 
180926252519101320 713201027120  4  5  7  3  5  7  4 12  6 .31  0 69.30 
1809272525201320132017 3 323112  5  7  5  7  6  2  2  9  5 .21  0 67.40 
180928252521302727 7 3 3 317117 15 12 12  3  2  2  2  6  7 .31  0 69.40 
1809292525222027232723171330180  7 12  9 12  9  6  5 15  9 .52  0 68.90 
1809302525231727 3 710171323117  6 12  2  3  4  6  5  9  5 .00 11 68.57 
181001252524 013 71337232023136  0  5  3  5 22  9  7  9  8 .42 12 70.30 
181002252525372720 713 317 3127 22 12  7  3  5  2  6  2  7 .42 10 67.10 
181003252526 7 7 717 7101723 95  3  3  3  6  3  4  6  9  5 .21  9 68.40 
18100425252710 3 3 3 7131310 62  4  2  2  2  3  5  5  4  3 .10  7 67.80 
1810052526 13023172020 71023150 15  9  6  7  7  3  4  9  8 .42  0 68.70 
1810062526 227101013 3 3 0 3 69 12  4  4  5  2  2  0  2  4 .10  0 68.60 
1810072526 3 7 7102337504740221  3  3  4  9 22 48 39 27 191.05  0 69.40 
1810082526 44040332043331713239 27 27 18  7 32 18  6  5 181.05  0 68.70 
1810092526 53023303327332330229 15  9 15 18 12 18  9 15 14 .84  0 69.30 
1810102526 630 7172033274723204 15  3  6  7 18 12 39  9 14 .84  0 69.60 
1810112526 73027171320201713157 15 12  6  5  7  7  6  5  8 .42  5 70.60 
1810122526 813171010 3101313 89  5  6  4  4  2  4  5  5  4 .21  9 71.30 
1810132526 9102313 313403737176  4  9  5  2  5 27 22 22 12 .73 18 72.10 
1810142526101713101710131317110  6  5  4  6  4  5  5  6  5 .21 16 71.10 
1810152526113017171720232323170 15  6  6  6  7  9  9  9  8 .52  9 69.60 
18101625261220 3 7171317 3 7 87  7  2  3  6  5  6  2  3  4 .10  0 69.30 
181017252613 31017 3 0 3 0 3 39  2  4  6  2  0  2  0  2  2 .00  7 69.60 
181018252614 3 0 3 0 0 0 0 3  9  2  0  2  0  0  0  0  2  1 .00  0 69.00 
181019252615 3 0 3 3 3 0 3 7 22  2  0  2  2  2  0  2  3  2 .00  0 69.00 
181020252616 3 0 0 0 3 0 3 3 12  2  0  0  0  2  0  2  2  1 .00  0 69.80 
181021252617 3 0 02020131010 76  2  0  0  7  7  5  4  4  4 .10  0 70.40 
181022252618271717 710 7 710102 12  6  6  3  4  3  3  4  5 .21  0 70.20 
1810232526191710 3 7 3 3 0 3 46  6  4  2  3  2  2  0  2  3 .00  0 70.90 
181024252620 7 31013 3 01010 56  3  2  4  5  2  0  4  4  3 .10  0 68.90
181025252621 720 71713171717115  3  7  3  6  5  6  6  6  50.21  0 68.60
1810262526222313 71310 72027120  9  5  3  5  4  3  7 12  60.31  0 68.30
181027252623 71017 7 0 0 0 3 44  3  4  6  3  0  0  0  2  20.00  0 68.50
18102825262420 7 3 3 0 3 0 3 39  7  3  2  2  0  2  0  2  20.00  0 67.40
181029252625 3 0 0 3 3 3 3 3 18  2  0  0  2  2  2  2  2  20.00  0 67.90
1810302526262013 7 3 3 0 7 7 60  7  5  3  2  2  0  3  3  30.10  0 66.10
181031252627 7 3 7 7 7 3 7 7 48  3  2  3  3  3  2  3  3  20.00  0 67.10
1811012527 1 7 71720 7 7 310 78  3  3  6  7  3  3  2  4  40.10  0 65.80
1811022527 220 3 313 3 7 3 3 55  7  2  2  5  2  3  2  2  30.10  0 66.50
1811032527 32020 3 3 3 0 310 62  7  7  2  2  2  0  2  4  30.10  0 66.30
1811042527 410 7 7 7 7274750162  4  3  3  3  3 12 39 48 140.84  0 65.50
1811052527 54353434330303723302 32 56 32 32 15 15 22  9 271.26  0 67.20 
1811062527 61730131710 7 720121  6 15  5  6  4  3  3  7  60.31  0 67.60 
1811072527 72327271010102023 45  9 12 12  4  4  4  7  9  80.42  0 67.50
1811082527 830371733 7101017161 15 22  6 18  3  4  4  6 100.52  0 68.20 
1811092527 913 3101710273337150  5  2  4  6  4 12 18 22  90.52  7 67.60
1811102527102013204020173033193  7  5  7 27  7  6 15 18 120.73  0 67.60
18111125271123201710 7 72717128  9  7  6  4  3  3 12  6  60.31  0 68.00
1811122527122030271717 72023161  7 15 12  6  6  3  7  9  80.42 10 66.80
181113252713201010 7 3 0 3 3 56  7  4  4  3  2  0  2  2  30.10  7 65.60
181114252714 310 3 7 71013 7 60  2  4  2  3  3  4  5  3  30.10  8 66.50 
181115252715 0 3 0 3 0 7 0 7 20  0  2  0  2  0  3  0  3  10.00  9 66.90 
181116252716 3 0 3 0 710 0 0 23  2  0  2  0  3  4  0  0  10.00 10 69.50 
181117252717 3 3 3 0 0 0 0 0  9  2  2  2  0  0  0  0  0  10.00 11 71.70 
181118252718 7 7 0 310 7 310 47  3  3  0  2  4  3  2  4  30.00 10 70.60 
1811192527191313 7 3 0131017 76  5  5  3  2  0  5  4  6  40.10  9 69.50 
18112025272027301310 3 7 7 7104 12 15  5  4  2  3  3  3  60.31  0 68.80 
18112125272113271010 3 0 310 76  5 12  4  4  2  0  2  4  40.10  0 67.10 
18112225272210 3 7 7 3 7 3 0 40  4  2  3  3  2  3  2  0  20.00  0 67.50 
1811232527231010 3 7 3 0 3 3 39  4  4  2  3  2  0  2  2  20.00  0 67.50 
181124252724 0 0 3 3 717 713 50  0  0  2  2  3  6  3  5  30.00  5 68.20 
181125252725 7 7 31010 7 3 7 54  3  3  2  4  4  3  2  3  30.10  9 67.80 
1811262527261010 0 0 0 0 0 3 23  4  4  0  0  0  0  0  2  10.00  0 66.80 
18112725272710 7 0 717202020101  4  3  0  3  6  7  7  7  50.21  0 66.60 
1811282528 113 0 0 0 0 7 310 33  5  0  0  0  0  3  2  4  20.00  0 65.70 
1811292528 220 3 3 0 0 0 013 39  7  2  2  0  0  0  0  5  20.00  0 66.00 
1811302528 313 3 0 3 3 3 310 38  5  2  2  2  2  2  2  4  20.00  0 66.10 
1812012528 4 31310 720273020130  2  5  4  3  7 12 15  7  70.31  0 67.40 
1812022528 51720202023333033196  6  7  7  7  9 18 15 18 110.63  0 67.00 
1812032528 62313131720303020166  9  5  5  6  7 15 15  7  90.52  0 66.40 
1812042528 730231713 7171320140 15  9  6  5  3  6  5  7  70.42  0 66.80 
1812052528 82017 3 313 7 720 90  7  6  2  2  5  3  3  7  40.21 12 68.80 
1812062528 91720101017101310107  6  7  4  4  6  4  5  4  50.21 14 67.70 
1812072528101023272020203327180  4  9 12  7  7  7 18 12 100.52 12 68.10 
1812082528112027271717302317178  7 12 12  6  6 15  9  6  90.52  0 68.40 
1812092528122013101013233040159  7  5  4  4  5  9 15 27 100.52  0 69.50 
1812102528132330302720171317177  9 15 15 12  7  6  5  6  90.52  0 68.80 
181211252814 7202723 3202713140  3  7 12  9  2  7 12  5  70.42  8 68.90 
18121225281517 7 7 7 3 717 7 72  6  3  3  3  2  3  6  3  40.10  0 68.60 
181213252816 010 3 0 3 3 3 3 25  0  4  2  0  2  2  2  2  20.00  0 68.00 
181214252817 3 7 0 3 0 7 0 3 23  2  3  0  2  0  3  0  2  20.00  7 68.60 
181215252818 3 0 0 0 3 0 3 3 12  2  0  0  0  2  0  2  2  10.00  5 68.90 
181216252819 3 0 7 0 3 3 7 3 26  2  0  3  0  2  2  3  2  20.00  0 67.60 
181217252820 310171010132320106  2  4  6  4  4  5  9  7  50.21  0 67.90 
18121825282127171010172023 7131 12  6  4  4  6  7  9  3  60.31  0 68.10 
18121925282210131323 7131020109  4  5  5  9  3  5  4  7  50.21  0 68.00 
1812202528233030302010132327183 15 15 15  7  4  5  9 12 100.63  0 67.60 
18122125282420101013 7 01313 86  7  4  4  5  3  0  5  5  40.10  0 68.80 
181222252825 710 0 3 3 0 3 3 29  3  4  0  2  2  0  2  2  20.00  0 68.70 
18122325282610 0 0 3 3 3 7 3 29  4  0  0  2  2  2  3  2  20.00  0 68.00 
181224252827 7 0 0 7 7 0 713 41  3  0  0  3  3  0  3  5  20.00  0 67.20 
1812252529 11017 0 010 713 7 64  4  6  0  0  4  3  5  3  30.10  0 67.30 
1812262529 2 3 3 3 713 7 3 0 39  2  2  2  3  5  3  2  0  20.00  0 66.50 
1812272529 31313 7101310 7 7 80  5  5  3  4  5  4  3  3  40.00  0 67.00 
1812282529 44040433037303330283 27 27 32 15 22 15 18 15 211.15  0 67.00 
1812292529 52730272023171720181 12 15 12  7  9  6  6  7  90.52  0 66.70 
1812302529 61730272320302013180  6 15 12  9  7 15  7  5 100.52  0 67.10 
1812312529 73020171720272317171 15  7  6  6  7 12  9  6  80.00  0 66.93 
