14,3,2020,

1,1948,12,2021

 1948  154.5 151.4 146.0 137.5 135.2 136.0 138.3 144.5 150.7 153.8 149.9 143.7
 1949  140.6 138.3 139.1 141.4 144.5 143.7 139.8 134.4 128.2 125.1 122.8 122.0
 1950  120.5 118.2 110.4 101.2  94.2  89.6  84.1  80.3  78.7  78.0  77.2  77.2
 1951   74.9  72.5  71.8  69.4  67.9  67.1  70.2  69.4  66.3  64.8  59.4  52.4
 1952   46.2  43.9  41.6  37.7  35.4  32.3  29.2  26.9  25.3  25.3  24.6  23.0
 1953   21.5  20.7  18.4  16.8  15.3  14.5  12.2  10.6   9.9   9.9   9.1   8.3
 1954    7.5   7.5   7.5   6.8   7.5   8.3   9.1  10.6  11.4  12.2  13.7  16.1
 1955   17.6  20.7  24.6  29.2  35.4  41.6  48.6  56.3  64.0  71.8  79.5  86.5
 1956   94.2 102.7 112.0 122.8 134.4 145.3 151.4 154.5 157.6 160.0 161.5 167.7
 1957  174.7 180.8 185.5 191.7 194.0 194.8 197.1 197.9 197.9 200.2 202.5 201.7
 1958  201.7 205.6 205.6 203.3 200.2 197.9 197.1 193.2 194.0 193.2 191.7 189.4
 1959  186.3 189.4 184.7 180.8 177.8 174.7 171.6 163.8 160.0 156.1 151.4 147.6
 1960  142.2 140.6 137.5 132.1 129.8 125.9 119.7 111.2 105.0 101.9  95.7  91.1
 1961   88.0  84.1  79.5  72.5  67.1  60.9  55.5  54.7  53.2  54.0  54.0  52.4
 1962   50.1  45.5  42.4  40.0  38.5  37.7  36.9  35.4  32.3  30.0  29.2  27.7
 1963   26.1  26.1  26.1  26.1  24.6  23.8  23.8  22.2  22.2  20.7  20.7  19.2
 1964   17.6  16.8  15.3  14.5  13.0  12.2  12.2  12.2  11.4  11.4  12.2  13.0
 1965   13.7  14.5  15.3  16.1  16.1  16.1  17.6  18.4  20.7  23.8  26.9  30.0
 1966   32.3  35.4  38.5  41.6  45.5  50.1  57.1  64.0  71.0  76.4  79.5  82.6
 1967   84.1  88.0  90.3  95.0  98.8 104.3 108.9 108.9 110.4 109.7 109.7 108.9
 1968  108.9 111.2 112.0 113.5 112.8 112.8 111.2 108.9 109.7 110.4 112.8 112.8
 1969  112.0 112.0 109.7 110.4 111.2 112.0 113.5 115.9 118.2 116.6 117.4 118.2
 1970  117.4 115.9 117.4 117.4 118.2 119.7 120.5 119.0 113.5 108.9 103.5  97.3
 1971   93.4  91.1  89.6  85.7  82.6  79.5  74.9  73.3  73.3  74.1  75.6  77.2
 1972   79.5  78.7  79.5  81.0  78.7  77.2  76.4  74.1  71.8  69.4  67.9  64.8
 1973   59.4  55.5  52.4  48.6  45.5  43.9  42.4  39.3  36.2  35.4  35.4  33.9
 1974   33.9  33.9  33.9  32.3  31.5  31.5  30.8  30.0  28.4  27.7  26.1  24.6
 1975   24.6  24.6  23.0  21.5  19.9  17.6  15.3  14.5  15.3  16.1  16.1  16.8
 1976   16.8  16.1  14.5  13.7  13.7  13.0  13.7  14.5  15.3  16.1  16.8  18.4
 1977   21.5  23.8  26.1  26.9  30.8  35.4  39.3  46.2  54.0  58.6  60.9  65.6
 1978   71.0  71.8  77.2  86.5  90.3  94.2 101.2 112.0 116.6 119.7 125.9 127.5
 1979  128.2 130.6 138.3 146.8 153.8 158.4 163.1 163.1 156.9 155.3 157.6 162.3
 1980  162.3 162.3 166.1 163.8 161.5 160.7 160.7 159.2 157.6 160.7 163.1 158.4
 1981  160.7 162.3 164.6 166.1 169.2 175.4 172.3 171.6 170.8 167.7 163.1 158.4
 1982  159.2 156.9 153.8 152.2 149.1 146.0 141.4 135.2 129.0 125.9 124.4 122.8
 1983  125.1 125.9 122.8 115.9 111.2 104.3  98.1  95.7  97.3  97.3  95.7  94.2
 1984   90.3  83.4  78.0  74.9  71.0  67.9  65.6  63.3  58.6  53.2  48.6  43.9
 1985   39.3  36.2  33.9  30.8  28.4  27.7  26.9  26.9  26.9  26.1  26.1  23.8
 1986   23.0  19.9  19.9  19.9  20.7  22.2  21.5  23.0  20.7  19.9  19.2  19.9
 1987   22.2  23.8  26.9  27.7  30.0  30.8  32.3  33.9  36.2  40.0  42.4  47.8
 1988   51.6  56.3  63.3  69.4  76.4  82.6  91.1  98.1 103.5 112.0 122.0 132.9
 1989  142.2 153.0 161.5 166.9 171.6 175.4 181.6 181.6 184.7 184.7 183.9 181.6
 1990  179.3 180.8 177.8 176.2 173.1 169.2 164.6 163.1 165.4 167.7 170.0 172.3
 1991  176.2 176.2 176.2 176.2 177.0 177.8 179.3 182.4 183.2 180.8 177.0 169.2
 1992  160.7 152.2 145.3 139.8 136.0 133.7 127.5 119.0 110.4 102.7  95.0  90.3
 1993   88.8  85.7  80.3  76.4  74.1  70.2  67.1  64.8  62.5  57.1  52.4  47.0
 1994   43.9  40.8  38.5  38.5  37.7  36.9  33.9  32.3  30.0  26.9  26.1  25.3
 1995   25.3  24.6  23.8  24.6  24.6  23.8  22.2  21.5  19.9  17.6  16.8  16.8
 1996   16.8  16.1  15.3  13.7  13.0  12.2  11.4  11.4  11.4  12.2  11.4  11.4
 1997   12.2  11.4  13.7  15.3  17.6  19.9  22.2  24.6  25.3  27.7  30.0  33.1
 1998   37.7  43.9  49.3  52.4  57.1  60.2  64.0  67.1  70.2  72.5  76.4  81.8
 1999   84.9  88.8  91.9  95.0  98.1  98.8 101.9 105.0 111.2 116.6 119.0 125.1
 2000  130.6 132.1 133.7 139.1 145.3 146.8 144.5 146.8 146.0 144.5 141.4 142.2
 2001  142.9 140.6 142.9 143.7 147.6 148.4 151.4 153.0 151.4 154.5 154.5 154.5
 2002  155.3 160.0 162.3 157.6 154.5 150.7 144.5 136.7 132.1 129.0 123.6 119.7
 2003  116.6 114.3 108.9 105.0 101.9  97.3  91.9  87.2  84.9  81.0  78.0  75.6
 2004   74.9  71.0  67.1  65.6  64.0  60.9  59.4  57.8  55.5  53.2  50.9  50.9
 2005   50.1  50.1  49.3  47.0  43.1  41.6  39.3  36.9  35.4  35.4  34.6  32.3
 2006   31.5  30.8  29.2  26.9  26.9  26.9  26.1  25.3  24.6  25.3  23.0  22.2
 2007   21.5  20.7  19.9  18.4  16.8  15.3  14.5  13.0  12.2  11.4  11.4   9.9
 2008    9.1   8.3   7.5   6.8   6.8   7.5   6.8   6.8   6.8   6.0   6.0   6.0
 2009    6.8   6.8   6.8   7.5   7.5   8.3   9.1  11.4  13.0  13.7  15.3  16.1
 2010   17.6  19.2  20.7  23.0  24.6  26.9  27.7  29.2  30.8  34.6  36.9  39.3
 2011   41.6  43.1  45.5  49.3  56.3  61.7  66.3  68.7  69.4  70.2  69.4  71.8
 2012   75.6  79.5  81.8  81.8  80.3  76.4  74.1  72.5  72.5  74.9  76.4  77.2
 2013   76.4  77.2  75.6  74.1  74.1  77.2  80.3  83.4  88.0  90.3  91.1  89.6
 2014   90.3  91.1  92.7  96.5 100.4 102.7 102.7 102.7 101.2  99.6  98.1  98.1
 2015   98.8  96.5  94.2  91.1  88.0  85.7  82.6  80.3  76.4  71.8  66.3  61.7
 2016   57.8  54.0  52.4  50.1  47.0  43.9  40.0  36.2  31.5  30.0  26.9  25.3
 2017   23.0  20.7  19.9  18.4  17.6  15.3  14.5  13.7  11.4  11.4  10.6  10.6
 2018    9.9   9.1   9.1   7.5   6.0   5.2   4.5   3.7   3.7   3.7   4.5   4.5
 2019    3.7   3.7   2.9   2.1   2.1   1.4   1.4   1.4   3.5   3.7   4.0   4.2
 2020    4.6   5.0   5.5   6.0   6.5   7.2   7.9   8.7   9.4  10.3  11.2  12.1
 2021   13.1  14.1  15.2  16.4  17.6  18.9  20.1  21.5  22.9  24.2  25.7  27.2
