9601012218 410 0 31313102720 97  4  0  2  5  5  4 12  7  50.21  0 72.60
9601022218 517 0 71010272337130  6  0  3  4  4 12  9 22  80.42 12 72.30
9601032218 6371020202717 713150 22  4  7  7 12  6  3  5  80.42 19 78.20
9601042218 710 710172317 713103  4  3  4  6  9  6  3  5  50.21 30 83.10
9601052218 82320232020202027173  9  7  9  7  7  7  7 12  80.42 48 82.10
9601062218 9272710 713171313127 12 12  4  3  5  6  5  5  60.31 47 79.90
960107221810 71010 7 3 72023 87  3  4  4  3  2  3  7  9  40.21 41 79.80
96010822181117 710 7 31010 3 67  6  3  4  3  2  4  4  2  40.10 35 76.70
960109221812 7 3 0 713 7 710 53  3  2  0  3  5  3  3  4  30.10 19 73.40
96011022181317 3 3 3 7 71720 77  6  2  2  2  3  3  6  7  40.10 11 71.40
960111221814 7 310 710 72020 83  3  2  4  3  4  3  7  7  40.10  0 69.10
96011222181517 7101710171343133  6  3  4  6  4  6  5 32  80.42  0 67.20
9601132218163350504340472327313 18 48 48 32 27 39  9 12 291.36  0 66.70
9601142218172713235043333753280 12  5  9 48 32 18 22 56 251.26  0 67.40
9601152218184730202333272033233 39 15  7  9 18 12  7 18 160.94  0 67.90
9601162218193320201713202320167 18  7  7  6  5  7  9  7  80.42  0 67.60
9601172218202330201317234030197  9 15  7  5  6  9 27 15 120.73  0 68.20
9601182218212333231713272713177  9 18  9  6  5 12 12  5 100.52  0 68.70
960119221822 710231717272743170  3  4  9  6  6 12 12 32 100.63  0 68.50
96012022182327204033272710 7190 12  7 27 18 12 12  4  3 120.73  0 69.10
9601212218241313272010202027150  5  5 12  7  4  7  7 12  70.42  9 69.50
9601222218252310 7 720232020130  9  4  3  3  7  9  7  7  60.31  0 70.00
9601232218262710 71713 710 3 93 12  4  3  6  5  3  4  2  50.21  0 71.00
960124221827 310 3 710302723113  2  4  2  3  4 15 12  9  60.31 11 70.70
9601252219 117171010 7102023113  6  6  4  4  3  4  7  9  50.21  9 71.70
9601262219 23323171010272313157 18  9  6  4  4 12  9  5  80.52  9 71.50
9601272219 32320 72020172027153  9  7  3  7  7  6  7 12  70.42  9 71.60
9601282219 4172323 7 3103333150  6  9  9  3  2  4 18 18  90.52 10 71.40
9601292219 53733433727333723270 22 18 32 22 12 18 22  9 191.05  9 71.80
9601302219 62730 7 713171333147 12 15  3  3  5  6  5 18  80.52 16 72.50
9601312219 73323232023172323187 18  9  9  7  9  6  9  9 100.52 11 74.50
9602012219 8301010 713272320140 15  4  4  3  5 12  9  7  70.42  9 72.90
9602022219 93327172020331710177 18 12  6  7  7 18  6  4 100.52  9 74.20
960203221910 710101017 7 313 77  3  4  4  4  6  3  2  5  40.10  7 71.90
960204221911 71310 717201027110  3  5  4  3  6  7  4 12  60.21  0 71.40
9602052219122330 3 3 71710 7100  9 15  2  2  3  6  4  3  60.21  0 69.40
96020622191313 7 7 7 0 01710 60  5  3  3  3  0  0  6  4  30.10  0 69.20
9602072219142010101317201733140  7  4  4  5  6  7  6 18  70.42  0 68.20
960208221915232020 720232023157  9  7  7  3  7  9  7  9  70.42  0 65.70
9602092219162720172017102023153 12  7  6  7  6  4  7  9  70.42  0 68.10
960210221917 72317 720303340177  3  9  6  3  7 15 18 27 110.63  0 68.00
9602112219184750274320273030273 39 48 12 32  7 12 15 15 221.15  0 68.20
9602122219193030373033132033227 15 15 22 15 18  5  7 18 140.84  0 67.30
9602132219202327402020303727223  9 12 27  7  7 15 22 12 140.84  0 67.00
9602142219214327303330302013227 32 12 15 18 15 15  7  5 150.84  0 67.20
9602152219223023131313103320157 15  9  5  5  5  4 18  7  80.52  7 67.40
9602162219232030201320301030173  7 15  7  5  7 15  4 15  90.52  0 68.50
96021722192433301713 7102017147 18 15  6  5  3  4  7  6  80.42  0 69.00
9602182219251320231720332740193  5  7  9  6  7 18 12 27 110.73  0 68.60
9602192219262327202010 32023147  9 12  7  7  4  2  7  9  70.42  0 69.00
9602202219272320171330201323160  9  7  6  5 15  7  5  9  80.42  8 70.60
9602212220 11717231310 3 713103  6  6  9  5  4  2  3  5  50.21 10 70.40
9602222220 22333301710102013157  9 18 15  6  4  4  7  5  80.52  8 70.10
9602232220 32727233333432023230 12 12  9 18 18 32  7  9 150.84  8 72.30
9602242220 44053302717233730257 27 56 15 12  6  9 22 15 201.05 17 74.10
9602252220 52723272727474037253 12  9 12 12 12 39 27 22 181.05 13 71.80
9602262220 64027273330172737237 27 12 12 18 15  6 12 22 160.94  8 70.90
9602272220 72330231323274037217  9 15  9  5  9 12 27 22 140.84  7 70.70
9602282220 83037171310101020147 15 22  6  5  4  4  4  7  80.52  8 70.80
9602292220 9 713101020203727143  3  5  4  4  7  7 22 12  80.42  9 70.90
9603012220101710 713 7132013100  6  4  3  5  3  5  7  5  50.21  0 70.60
9603022220111310 7 0 7 7 717 67  5  4  3  0  3  3  3  6  30.10  0 69.80
9603032220121713231720201717143  6  5  9  6  7  7  6  6  60.31  0 69.00
9603042220132030271017302320177  7 15 12  4  6 15  9  7  90.52  9 68.10
9603052220141723171710132017133  6  9  6  6  4  5  7  6  60.31  0 68.00
960306222015 0 710202317 7 3 87  0  3  4  7  9  6  3  2  40.10 14 68.40
960307222016 3 010 710 3 7 3 43  2  0  4  3  4  2  3  2  20.00  9 66.80
9603082220171333372720 3 0 3137  5 18 22 12  7  2  0  2  80.52  0 68.80
9603092220181323202013202717153  5  9  7  7  5  7 12  6  70.42  0 66.60
9603102220191317272027173037187  5  6 12  7 12  6 15 22 110.63  0 68.20
9603112220205057403330233037300 48 67 27 18 15  9 15 22 281.26 16 70.90
9603122220212337202327303337230  9 22  7  9 12 15 18 22 140.84 16 72.40
9603132220224033305037332723273 27 18 15 48 22 18 12  9 211.15 16 70.50
9603142220233027271713 72023163 15 12 12  6  5  3  7  9  90.52 13 70.00
96031522202423171710171320 7123  9  6  6  4  6  5  7  3  60.31 12 69.60
96031622202520331320171310 7133  7 18  5  7  6  5  4  3  70.31 10 70.30
9603172220262343302323272320213  9 32 15  9  9 12  9  7 130.73  9 70.00
9603182220273327172020132320173 18 12  6  7  7  5  9  7  90.52  9 70.00
9603192221 11730372327333333233  6 15 22  9 12 18 18 18 150.84  8 69.40
9603202221 23037272733335047283 15 22 12 12 18 18 48 39 231.15  0 68.80
9603212221 34737374043475357360 39 22 22 27 32 39 56 67 381.46 12 69.90
9603222221 43027203320434327243 15 12  7 18  7 32 32 12 170.94 16 73.40
9603232221 530271710 7102320143 15 12  6  4  3  4  9  7  80.42 16 71.60
9603242221 64320232327373750260 32  7  9  9 12 22 22 48 201.05 14 70.90
9603252221 74740372033402313253 39 27 22  7 18 27  9  5 191.05 13 72.10
9603262221 83033231320272320190 15 18  9  5  7 12  9  7 100.63 23 71.60
9603272221 93333172727101027183 18 18  6 12 12  4  4 12 110.63 21 71.60
9603282221101737202327171320173  6 22  7  9 12  6  5  7  90.52 18 71.70
9603292221111717131010202023130  6  6  5  4  4  7  7  9  60.31 10 70.30
960330222112201310 710171720113  7  5  4  3  4  6  6  7  50.21  0 70.10
96033122211313101713 7171323113  5  4  6  5  3  6  5  9  50.21  0 70.00
9604012221143030231720131720170 15 15  9  6  7  5  6  7  90.52  0 68.10
960402222115 710 710 7131023 87  3  4  3  4  3  5  4  9  40.21 10 70.60
96040322211613 7 31717201330120  5  3  2  6  6  7  5 15  60.31 11 71.10
9604042221172723271740331020197 12  9 12  6 27 18  4  7 120.73  8 70.20
96040522211830 71710 3171023117 15  3  6  4  2  6  4  9  60.31  0 70.00
960406222119131013 7 7 3 0 3 57  5  4  5  3  3  2  0  2  30.10  0 68.80
960407222120 0 7 0 7 3 0 3 3 23  0  3  0  3  2  0  2  2  20.00  0 68.60
960408222121 310 3 320171030 97  2  4  2  2  7  6  4 15  50.21  0 68.60
9604092221223027302020302327207 15 12 15  7  7 15  9 12 120.73  0 69.30
96041022212330202017 713 710123 15  7  7  6  3  5  3  4  60.31  0 69.10
960411222124232313132023 733157  9  9  5  5  7  9  3 18  80.42  0 68.80
9604122221254040434737333337310 27 27 32 39 22 18 18 22 261.26  9 68.70
9604132221261717101020201740150  6  6  4  4  7  7  6 27  80.52  8 69.30
9604142221273037372737233770297 15 22 22 12 22  9 22132 321.36  0 69.10
9604152222 15033432320271727240 48 18 32  9  7 12  6 12 181.05  0 68.50
9604162222 22720231717271333177 12  7  9  6  6 12  5 18  90.52  0 68.80
9604172222 34347273030504353323 32 39 12 15 15 48 32 56 311.36 10 69.90
9604182222 44353333337233040293 32 56 18 18 22  9 15 27 251.26 19 70.80
9604192222 53333373737505033310 18 18 22 22 22 48 48 18 271.26 11 71.20
9604202222 63740233740202723247 22 27  9 22 27  7 12  9 170.94 18 72.30
9604212222 73723332327202727217 22  9 18  9 12  7 12 12 130.73 12 74.80
9604222222 82737171720131313157 12 22  6  6  7  5  5  5  80.52 12 73.20
9604232222 93333231317173023190 18 18  9  5  6  6 15  9 110.63  8 71.90
9604242222101713 31013172313110  6  5  2  4  5  6  9  5  50.21  8 69.50
960425222211232310 71310 7 7100  9  9  4  3  5  4  3  3  50.21  0 68.70
9604262222122010 3 7 713 7 3 70  7  4  2  3  3  5  3  2  40.10  0 69.10
96042722221313 3 71013 72033107  5  2  3  4  5  3  7 18  60.31  0 69.20
960428222214172013 7 710 7 7 87  6  7  5  3  3  4  3  3  40.10  0 68.60
960429222215 317131013131310 93  2  6  5  4  5  5  5  4  40.21  0 69.50
96043022221617201313171313 7113  6  7  5  5  6  5  5  3  50.21  0 69.60
9605012222171727201310101710123  6 12  7  5  4  4  6  4  60.31  0 68.90
960502222218171317172013 713117  6  5  6  6  7  5  3  5  50.21  0 69.00
9605032222191020101023201027130  4  7  4  4  9  7  4 12  60.31  0 69.50
9605042222203020101327232727177 15  7  4  5 12  9 12 12 100.52  0 70.60
960505222221302030131310 0 7123 15  7 15  5  5  4  0  3  70.31  0 72.00
9605062222221713101013 31313 93  6  5  4  4  5  2  5  5  40.21 11 76.00
96050722222320 7 31313 71013 87  7  3  2  5  5  3  4  5  40.10 12 76.30
96050822222420232013 71010 7110  7  9  7  5  3  4  4  3  50.21 13 77.50
9605092222251320 3 31717 713 93  5  7  2  2  6  6  3  5  40.21 12 77.70
9605102222261020 71010102017103  4  7  3  4  4  4  7  6  50.21 14 79.10
96051122222710171010201010 7 93  4  6  4  4  7  4  4  3  40.21 18 78.00
9605122223 1 7 7 710 3 72023 83  3  3  3  4  2  3  7  9  40.10 16 75.10
9605132223 23023372330302330227 15  9 22  9 15 15  9 15 140.84 15 74.30
9605142223 33030202017132737193 15 15  7  7  6  5 12 22 110.63 14 73.40
9605152223 4 713301723203010150  3  5 15  6  9  7 15  4  80.42 11 72.50
9605162223 52023271713173320170  7  9 12  6  5  6 18  7  90.52  9 72.60
9605172223 62317233310 71017140  9  6  9 18  4  3  4  6  70.42  8 72.90
9605182223 7 713 3 0 3 3 3 0 33  3  5  2  0  2  2  2  0  20.00  8 72.00
9605192223 8 7 3172017203023137  3  2  6  7  6  7 15  9  70.31  0 70.40
9605202223 93710101730172330173 22  4  4  6 15  6  9 15 100.63  8 69.60
9605212223103020202317232310167 15  7  7  9  6  9  9  4  80.42  0 68.50
960522222311 7 7 7 720101730103  3  3  3  3  7  4  6 15  60.21  0 68.10
960523222312171713 31310 710 90  6  6  5  2  5  4  3  4  40.21  0 68.90
9605242223131723171320103017147  6  9  6  5  7  4 15  6  70.42  0 69.00
9605252223141327 31313171723127  5 12  2  5  5  6  6  9  60.31  0 68.70
96052622231527231317 717 3 3110 12  9  5  6  3  6  2  2  60.31  0 68.70
960527222316 010131717373030153  0  4  5  6  6 22 15 15  90.52  0 68.40
960528222317171013 710 7 710 80  6  4  5  3  4  3  3  4  40.10  0 67.80
9605292223181013173023232323163  4  5  6 15  9  9  9  9  80.42  0 68.30
9605302223192713172313202017150 12  5  6  9  5  7  7  6  70.42  0 68.40
9605312223201717132317172027150  6  6  5  9  6  6  7 12  70.42  0 69.90
9606012223211313 7 31010 313 73  5  5  3  2  4  4  2  5  40.10  8 70.80
9606022223221013 7 3 3101713 77  4  5  3  2  2  4  6  5  40.10  8 70.70
960603222323 3 7101710 7 713 73  2  3  4  6  4  3  3  5  40.10  8 71.20
960604222324131710 7 7131013 90  5  6  4  3  3  5  4  5  40.21  9 71.20
96060522232510201310 7102027117  4  7  5  4  3  4  7 12  60.31 11 72.80
9606062223262343373327232013220  9 32 22 18 12  9  7  5 140.84 23 73.80
960607222327 7131017101013 3 83  3  5  4  6  4  4  5  2  40.10 20 75.40
9606082224 1 7 7101310 72313 90  3  3  4  5  4  3  9  5  40.21 20 72.40
9606092224 2 7 7 7 310171310 73  3  3  3  2  4  6  5  4  40.10 25 72.00
9606102224 31017 717171010 7 93  4  6  3  6  6  4  4  3  40.21 12 71.10
9606112224 4 31010 717101013 80  2  4  4  3  6  4  4  5  40.10  9 70.20
9606122224 5131013 713 710 3 77  5  4  5  3  5  3  4  2  40.10  9 69.50
9606132224 6 310 7 7 3 0 3 7 40  2  4  3  3  2  0  2  3  20.00  0 70.30
9606142224 7 710101010 3 7 7 63  3  4  4  4  4  2  3  3  30.10  0 69.80
9606152224 8 710 71317172717113  3  4  3  5  6  6 12  6  60.31  0 69.50
9606162224 9172010 7131313 7100  6  7  4  3  5  5  5  3  50.21  0 69.00
9606172224101723 71720201327143  6  9  3  6  7  7  5 12  70.31  0 69.60
9606182224111010171010131737123  4  4  6  4  4  5  6 22  70.31 10 69.90
9606192224124330232320231723203 32 15  9  9  7  9  6  9 120.73 17 70.70
96062022241323201717171313 7127  9  7  6  6  6  5  5  3  60.31  8 71.90
96062122241413 3131020 3 713 83  5  2  5  4  7  2  3  5  40.10  8 72.60
96062222241513 3 7 310101013 70  5  2  3  2  4  4  4  5  40.10  8 72.00
96062322241610 7 3 7201310 7 77  4  3  2  3  7  5  4  3  40.10 17 70.90
9606242224172713131010132310120 12  5  5  4  4  5  9  4  60.31 18 74.70
960625222418 3 3 3 310 7 720 57  2  2  2  2  4  3  3  7  30.10 17 74.30
96062622241913 7101010 7 717 80  5  3  4  4  4  3  3  6  40.10 18 74.20
9606272224201013133017131713127  4  5  5 15  6  5  6  5  60.31 18 73.80
960628222421271713 713 71323120 12  6  5  3  5  3  5  9  60.31 18 73.80
9606292224222710 71023303027163 12  4  3  4  9 15 15 12  90.52 17 73.30
9606302224231713171010 31017 97  6  5  6  4  4  2  4  6  50.21 17 73.10
96070122242417 7 0 313103330113  6  3  0  2  5  4 18 15  70.31  8 72.40
9607022224252717 710 7131727123 12  6  3  4  3  5  6 12  60.31 10 72.80
9607032224263333202320171717180 18 18  7  9  7  6  6  6 100.52  9 71.30
9607042224273033231010132010150 15 18  9  4  4  5  7  4  80.42  0 71.50
9607052225 130372027201713 3167 15 22  7 12  7  6  5  2 100.52  8 71.00
9607062225 2 7131017131713 7 97  3  5  4  6  5  6  5  3  50.21  0 70.50
9607072225 320232710272317 3150  7  9 12  4 12  9  6  2  80.42 14 74.30
9607082225 41717332030301723187  6  6 18  7 15 15  6  9 100.63 26 84.30
9607092225 51710 71010 3 3 3 63  6  4  3  4  4  2  2  2  30.10 27 86.50
9607102225 6 0 7 7 7 3 7 7 3 40  0  3  3  3  2  3  3  2  20.00 26 82.50
9607112225 7 3 710 31710 713 70  2  3  4  2  6  4  3  5  40.10 20 79.60
9607122225 81323272017132327163  5  9 12  7  6  5  9 12  80.42 13 76.20
9607132225 92013101030171320133  7  5  4  4 15  6  5  7  70.31  9 72.50
9607142225101317171010 71730120  5  6  6  4  4  3  6 15  60.31  0 70.00
9607152225111713101323332720157  6  5  4  5  9 18 12  7  80.42  0 69.30
960716222512 717 71717131020107  3  6  3  6  6  5  4  7  50.21  0 69.10
9607172225132730171727201313163 12 15  6  6 12  7  5  5  80.52  0 69.00
9607182225141710201010231013113  6  4  7  4  4  9  4  5  50.21  0 67.00
960719222515171310101710 713 97  6  5  4  4  6  4  3  5  50.21  0 68.30
9607202225162723172327202013170 12  9  6  9 12  7  7  5  80.52  0 67.50
9607212225171717101717232717143  6  6  4  6  6  9 12  6  70.31  0 67.20
960722222518201713 713132717127  7  6  5  3  5  5 12  6  60.31  0 68.20
96072322251917201010101713 7103  6  7  4  4  4  6  5  3  50.21  0 68.90
960724222520 3101010 710 720 77  2  4  4  4  3  4  3  7  40.10  0 68.30
9607252225211310101713202317123  5  4  4  6  5  7  9  6  60.31  0 70.40
960726222522171713 710101720110  6  6  5  3  4  4  6  7  50.21  8 72.40
960727222523 71310131010 3 0 67  3  5  4  5  4  4  2  0  30.10  9 75.60
96072822252413 7 0 727374323157  5  3  0  3 12 22 32  9 110.63 12 77.80
960729222525101717131313 3 7 93  4  6  6  5  5  5  2  3  40.21 15 80.30
9607302225262027231313 32320143  7 12  9  5  5  2  9  7  70.42 19 82.30
9607312225273717174037332030230 22  6  6 27 22 18  7 15 150.94 21 82.70
9608012226 13330272027201733207 18 15 12  7 12  7  6 18 120.73 19 82.80
9608022226 22713302330171013163 12  5 15  9 15  6  4  5  90.52 23 81.90
9608032226 3172317271313 720137  6  9  6 12  5  5  3  7  70.31 23 81.60
9608042226 4 710202013171310110  3  4  7  7  5  6  5  4  50.21 21 79.90
9608052226 52023171017101317127  7  9  6  4  6  4  5  6  60.31 16 76.20
9608062226 61010101023233020137  4  4  4  4  9  9 15  7  70.42 10 75.10
9608072226 7 7101313 7102717103  3  4  5  5  3  4 12  6  50.21 17 73.70
9608082226 81013 710 710 713 77  4  5  3  4  3  4  3  5  40.10 11 71.70
9608092226 920 3 32023232027140  7  2  2  7  9  9  7 12  70.31 14 72.10
960810222610172010 710 7 7 7 83  6  7  4  3  4  3  3  3  40.10 15 73.60
96081122261117 713 3 3101320 87  6  3  5  2  2  4  5  7  40.10 21 74.80
9608122226121313101010 7 720 90  5  5  4  4  4  3  3  7  40.21 17 72.00
9608132226132717101017 7 710103 12  6  4  4  6  3  3  4  50.21 12 71.40
9608142226141717102333303730197  6  6  4  9 18 15 22 15 120.73 21 70.50
9608152226152013202313171010127  7  5  7  9  5  6  4  4  60.31 19 69.30
9608162226161713173027303323190  6  5  6 15 12 15 18  9 110.63 10 69.30
9608172226173730232320171020180 22 15  9  9  7  6  4  7 100.63 11 69.50
960818222618 7 7101713201313100  3  3  4  6  5  7  5  5  50.21  9 68.40
960819222619131313131010 313 90  5  5  5  5  4  4  2  5  40.21 11 69.30
9608202226201717272323172010153  6  6 12  9  9  6  7  4  70.42 10 70.10
960821222621 313102017101713103  2  5  4  7  6  4  6  5  50.21 10 71.30
9608222226221317 3 31323 713 93  5  6  2  2  5  9  3  5  50.21  9 74.50
9608232226232333332727102017190  9 18 18 12 12  4  7  6 110.63 10 75.80
9608242226242320171723171730163  9  7  6  6  9  6  6 15  80.42 16 76.20
9608252226253727372727373020240 22 12 22 12 12 22 15  7 160.94 10 76.30
9608262226262330332010172030183  9 15 18  7  4  6  7 15 100.63 13 75.80
9608272226273037332317302727223 15 22 18  9  6 15 12 12 140.84 13 75.90
9608282227 13023232333302733223 15  9  9  9 18 15 12 18 130.84 11 74.70
9608292227 24757533740373053353 39 67 56 22 27 22 15 56 381.46 11 75.00
9608302227 35030331313232727217 48 15 18  5  5  9 12 12 160.94 14 74.70
9608312227 430333030271717 7190 15 18 15 15 12  6  6  3 110.63 17 77.60
9609012227 527171317101017 3113 12  6  5  6  4  4  6  2  60.31 13 74.80
9609022227 6101713131313 710 97  4  6  5  5  5  5  3  4  50.21  9 73.60
9609032227 7 0 7 710 7 7 3 7 47  0  3  3  4  3  3  2  3  30.00  7 72.40
9609042227 8 3 7 71720302043147  2  3  3  6  7 15  7 32  90.52  0 72.00
9609052227 92023171310131020127  7  9  6  5  4  5  4  7  60.31  0 71.40
960906222710231013171313 320113  9  4  5  6  5  5  2  7  50.21  0 70.80
9609072227111727272317 71020147  6 12 12  9  6  3  4  7  70.42 12 70.50
9609082227122727 71317 713 7117 12 12  3  5  6  3  5  3  60.31  0 69.20
960909222713 3 7 32017101743120  2  3  2  7  6  4  6 32  80.42  0 68.80
9609102227145050474737304023323 48 48 39 39 22 15 27  9 311.36  0 68.90
9609112227153340333033272743267 18 27 18 15 18 12 12 32 191.05  0 68.50
9609122227164737503040433043320 39 22 48 15 27 32 15 32 291.36  8 68.60
9609132227174723233020234040247 39  9  9 15  7  9 27 27 181.05  0 68.10
9609142227183727233017131713177 22 12  9 15  6  5  6  5 100.63  0 67.90
9609152227192020302740235033243  7  7 15 12 27  9 48 18 181.05  0 67.10
9609162227202340403033402023250  9 27 27 15 18 27  7  9 170.94  0 68.70
9609172227213030131313172027163 15 15  5  5  5  6  7 12  90.52  0 69.60
9609182227223717373740303027253 22  6 22 22 27 15 15 12 181.05  0 69.60
96091922272313 7172727503723200  5  3  6 12 12 48 22  9 150.84  0 69.80
9609202227244740435743333047340 39 27 32 67 32 18 15 39 341.36  0 69.70
9609212227255043474333433330323 48 32 39 32 18 32 18 15 291.36  0 70.30
9609222227263737533347532017297 22 22 56 18 39 56  7  6 281.26  0 69.10
9609232227273047375040472730307 15 39 22 48 27 39 12 15 271.26  0 70.40
9609242228 12320202327132017163  9  7  7  9 12  5  7  6  80.42  0 70.40
9609252228 21037272323231023177  4 22 12  9  9  9  4  9 100.52  0 71.20
9609262228 32743302330436343303 12 32 15  9 15 32 94 32 301.36  0 70.40
9609272228 44340273727201023227 32 27 12 22 12  7  4  9 160.94  0 70.10
9609282228 51743372030332717223  6 32 22  7 15 18 12  6 150.84  0 71.20
9609292228 623272310171323 7143  9 12  9  4  6  5  9  3  70.42  0 70.30
9609302228 7 3171010131310 3 80  2  6  4  4  5  5  4  2  40.10  0 69.70
9610012228 8172010 0 3 32023 97  6  7  4  0  2  2  7  9  50.21  0 69.60
9610022228 91020231030332027173  4  7  9  4 15 18  7 12 100.52  0 69.80
9610032228102337371723333730237  9 22 22  6  9 18 22 15 150.94  0 69.60
9610042228111017 7 723271317120  4  6  3  3  9 12  5  6  60.31  0 69.40
961005222812 710 310 7 310 3 53  3  4  2  4  3  2  4  2  30.10  0 68.50
96100622281313 310 7 7 3 0 0 43  5  2  4  3  3  2  0  0  20.00  0 68.80
961007222814 0 3 01010132017 73  0  2  0  4  4  5  7  6  40.10  0 68.20
9610082228151717171720304020177  6  6  6  6  7 15 27  7 100.63  0 67.70
9610092228162747432327274033267 12 39 32  9 12 12 27 18 201.05  0 67.70
9610102228173040131723232013180 15 27  5  6  9  9  7  5 100.63  0 67.40
9610112228181717101327232717150  6  6  4  5 12  9 12  6  80.42  0 66.40
9610122228192033233037372730237  7 18  9 15 22 22 12 15 150.84  0 66.90
9610132228203050433317232327247 15 48 32 18  6  9  9 12 191.05  0 67.30
961014222821433320333027 713207 32 18  7 18 15 12  3  5 140.84  0 68.20
961015222822172313 7 31017 7 97  6  9  5  3  2  4  6  3  50.21  0 68.60
9610162228232717272033302010183 12  6 12  7 18 15  7  4 100.63  0 68.10
961017222824 710 71310172030113  3  4  3  5  4  6  7 15  60.31  0 68.00
9610182228255353433723203033293 56 56 32 22  9  7 15 18 271.26  0 69.00
9610192228264343374750533353360 32 32 22 39 48 56 18 56 381.46  0 70.40
9610202228274040372327232327240 27 27 22  9 12  9  9 12 160.94  0 70.60
9610212229 12323202310271317157  9  9  7  9  4 12  5  6  80.42  0 69.00
9610222229 23740334040434767347 22 27 18 27 27 32 39111 381.46  0 69.10
9610232229 37357373317302320290154 67 22 18  6 15  9  7 371.46  0 67.03
9610242229 43727232020272013187 22 12  9  7  7 12  7  5 100.63  0 69.10
9610252229 51320302013 71710130  5  7 15  7  5  3  6  4  60.31  9 69.10
9610262229 6271310 7 713 3 3 83 12  5  4  3  3  5  2  2  40.21 10 70.30
9610272229 7 7 7 72320 3 717 90  3  3  3  9  7  2  3  6  40.21  9 71.20
9610282229 83737302723232730233 22 22 15 12  9  9 12 15 140.84  0 67.50
9610292229 93327202333303033230 18 12  7  9 18 15 15 18 140.84  0 69.40
9610302229102020172017434333213  7  7  6  7  6 32 32 18 140.84  0 69.70
9610312229113323201710101317143 18  9  7  6  4  4  5  6  70.42  0 68.60
96110122291217 7 3 0 7 7 3 7 50  6  3  2  0  3  3  2  3  30.00  0 68.50
96110222291310 7 7 3 0 3 0 3 33  4  3  3  2  0  2  0  2  20.00  0 67.90
961103222914 3 0 0 0 0 31317 37  2  0  0  0  0  2  5  6  20.00  0 68.30
9611042229152713203030232023187 12  5  7 15 15  9  7  9 100.63  0 67.80
9611052229162023201010201717137  7  9  7  4  4  7  6  6  60.31  0 67.10
96110622291727302023 3131723157 12 15  7  9  2  5  6  9  80.42  0 68.00
96110722291810201310 313 710 87  4  7  5  4  2  5  3  4  40.10  0 67.30
961108222919 7201013 710 7 3 77  3  7  4  5  3  4  3  2  40.10  0 67.80
961109222920 727202730203723190  3 12  7 12 15  7 22  9 110.63  8 68.90
96111022292137271720202017 7163 22 12  6  7  7  7  6  3  90.52 12 69.60
961111222922 7 7 7 7 3172010 77  3  3  3  3  2  6  7  4  40.10 14 70.00
961112222923332330201710 317153 18  9 15  7  6  4  2  6  80.52 11 70.70
9611132229241323102020305043210  5  9  4  7  7 15 48 32 160.94 11 71.50
9611142229255323173333334030263 56  9  6 18 18 18 27 15 211.15  0 72.10
9611152229263023233740372310223 15  9  9 22 27 22  9  4 150.84 20 71.90
9611162229271013131313101013 97  4  5  5  5  5  4  4  5  50.21 40 72.20
9611172230 12020272713134040200  7  7 12 12  5  5 27 27 130.73 18 70.40
9611182230 23740272730272313223 22 27 12 12 15 12  9  5 140.84  9 72.40
9611192230 33030201720171730180 15 15  7  6  7  6  6 15 100.52 10 72.60
9611202230 420171717 7202733157  7  6  6  6  3  7 12 18  80.42  9 72.70
9611212230 5302310 7 3101013107 15  9  4  3  2  4  4  5  60.31 18 72.60
9611222230 6201013101313 3 3 87  7  4  5  4  5  5  2  2  40.10 24 80.60
9611232230 7 3131310 3 71710 77  2  5  5  4  2  3  6  4  40.10 44 88.70
9611242230 8 3 7172727271747170  2  3  6 12 12 12  6 39 120.73 45 97.30
9611252230 92727232010101010137 12 12  9  7  4  4  4  4  70.42 57101.70
9611262230102013 71327231320137  7  5  3  5 12  9  5  7  70.31 52100.80
9611272230114037232013 7 713160 27 22  9  7  5  3  3  5 100.63 45100.00
96112822301227301020172013 7143 12 15  4  7  6  7  5  3  70.42 34 95.40
961129223013 710 3 717232017103  3  4  2  3  6  9  7  6  50.21 31 88.50
961130223014 7 3 7 0 0 3 0 7 27  3  2  3  0  0  2  0  3  20.00 25 85.10
961201223015 7 7 0 7 713 310 53  3  3  0  3  3  5  2  4  30.10 23 80.80
961202223016 723 717 7403723160  3  9  3  6  3 27 22  9 100.63 12 75.70
9612032230173027102020201317157 15 12  4  7  7  7  5  6  80.42  0 70.70
9612042230182020101327373030187  7  7  4  5 12 22 15 15 110.63  0 68.60
961205223019 7 0 7 7 7 0 3 3 33  3  0  3  3  3  0  2  2  20.00  0 67.60
961206223020 0 0 0 0 3 3 7 7 20  0  0  0  0  2  2  3  3  10.00  0 67.60
961207223021 3102010 3102013 90  2  4  7  4  2  4  7  5  40.21  0 67.10
961208223022 3 71010 310 710 60  2  3  4  4  2  4  3  4  30.10 13 66.60
961209223023 0 0 3 710202350113  0  0  2  3  4  7  9 48  90.52 17 71.50
9612102230245030474037373327300 48 15 39 27 22 22 18 12 251.26 16 70.20
9612112230254023303323203027227 27  9 15 18  9  7 15 12 140.84 28 75.20
9612122230261327272320272010167  5 12 12  9  7 12  7  4  80.52 29 78.60
96121322302717232310131710 3117  6  9  9  4  5  6  4  2  60.31 32 79.20
9612142231 1 0 0172027132723127  0  0  6  7 12  5 12  9  60.31 27 80.00
9612152231 22727172330303730220 12 12  6  9 15 15 22 15 130.84 29 82.30
9612162231 33323273020202330207 18  9 12 15  7  7  9 15 120.73 24 83.50
9612172231 42730302313302310187 12 15 15  9  5 15  9  4 100.63 28 83.60
9612182231 513232010 7231310120  5  9  7  4  3  9  5  4  60.31 32 85.60
9612192231 6 7 0 0 0 0 0 0 7 13  3  0  0  0  0  0  0  3  10.00 23 84.60
9612202231 7 0 3 7 3 0 7 3 3 27  0  2  3  2  0  3  2  2  20.00 15 80.30
9612212231 8 017101310272023120  0  6  4  5  4 12  7  9  60.31 21 80.90
9612222231 917 7 31027272337150  6  3  2  4 12 12  9 22  90.52 21 78.90
961223223110373723171017 3 0143 22 22  9  6  4  6  2  0  90.52 11 76.90
9612242231111017 3 7 720 7 7 77  4  6  2  3  3  7  3  3  40.10 12 76.40
961225223112132020172010 713120  5  7  7  6  7  4  3  5  60.21  0 74.70
961226223113 7 3 3 7 7 71017 60  3  2  2  3  3  3  4  6  30.10  0 73.00
9612272231142010 0 3 310 710 63  7  4  0  2  2  4  3  4  30.10  0 72.20
96122822311510 3 717 7 7 3 3 57  4  2  3  6  3  3  2  2  30.10  0 71.80
961229223116 7 3 7 3 3 71330 73  3  2  3  2  2  3  5 15  40.21  0 71.40
961230223117332720232717 723177 18 12  7  9 12  6  3  9 100.52  0 70.10
96123122311817231010 7102017113  6  9  4  4  3  4  7  6  50.21  0 69.80
