1701012502 73333272323271717200 18 18 12  9  9 12  6  6 110.63  8 70.10 
1701022502 8132320131320 3 7112  5  9  7  5  5  7  2  3  50.21  0 70.60 
1701032502 9 313233320302727176  2  5  9 18  7 15 12 12 100.63  0 71.00 
1701042502101313172020233330169  5  5  6  7  7  9 18 15  90.52  0 70.00 
1701052502113033202030333740243 15 18  7  7 15 18 22 27 160.94  0 70.90 
1701062502123333272323232330215 18 18 12  9  9  9  9 15 120.73  0 69.60 
1701072502133727302743373327261 22 12 15 12 32 22 18 12 181.05  0 69.70 
1701082502142320233727233340226  9  7  9 22 12  9 18 27 140.84  0 69.20 
1701092502153020132033301327186 15  7  5  7 18 15  5 12 100.63  0 70.00 
170110250216201717 3 7302323140  7  6  6  2  3 15  9  9  70.42  0 70.30 
170111250217232017 3 7202020130  9  7  6  2  3  7  7  7  60.31  0 72.00 
1701122502182023 0 3 0 31017 76  7  9  0  2  0  2  4  6  40.10  7 73.00 
1701132502191310 0 3 7131310 69  5  4  0  2  3  5  5  4  40.10 18 72.40 
170114250220101310 3 3 7 713 66  4  5  4  2  2  3  3  5  40.10 21 74.10 
17011525022123 71710 7 717 7 95  9  3  6  4  3  3  6  3  50.21 19 75.00 
170116250222 7 3 3 0 0 0 7 7 27  3  2  2  0  0  0  3  3  20.00 16 75.80 
17011725022310 3 3 3 317 7 3 49  4  2  2  2  2  6  3  2  30.10 22 76.10 
170118250224 723272330333733213  3  9 12  9 15 18 22 18 130.84 25 76.10 
1701192502253323272717171317174 18  9 12 12  6  6  5  6  90.52 22 77.00 
1701202502263027201320102027167 15 12  7  5  7  4  7 12  90.52 38 80.60 
1701212502273317171710173033174 18  6  6  6  4  6 15 18 100.63 52 83.40 
1701222503 13027231320131317156 15 12  9  5  7  5  5  6  80.42 49 84.00 
1701232503 2 3 310 3 7131717 73  2  2  4  2  3  5  6  6  40.10 41 81.50 
1701242503 317 7 3 3 3 0 7 7 47  6  3  2  2  2  0  3  3  30.00 29 79.70 
1701252503 420271013 3 0 010 83  7 12  4  5  2  0  0  4  40.10 32 82.50 
1701262503 5 0 0202330373327170  0  0  7  9 15 22 18 12 100.63 27 80.60 
1701272503 64340373333331320252 32 27 22 18 18 18  5  7 181.05 18 77.90 
1701282503 7232717 7 3102027134  9 12  6  3  2  4  7 12  70.31 20 76.10 
1701292503 820231310172013 7123  7  9  5  4  6  7  5  3  60.31 23 74.40 
1701302503 9 710101020201027114  3  4  4  4  7  7  4 12  60.31 23 74.70 
1701312503102727303330403743267 12 12 15 18 15 27 22 32 191.05 23 75.07 
1702012503114030303040473050297 27 15 15 15 27 39 15 48 251.26 27 73.90 
1702022503123337333027333740270 18 22 18 15 12 18 22 27 191.05 29 73.10 
1702032503133037402027333030247 15 22 27  7 12 18 15 15 160.94 23 73.00 
1702042503142730231720172023177 12 15  9  6  7  6  7  9  90.52  7 71.90 
1702052503152733272023303320213 12 18 12  7  9 15 18  7 120.73  7 70.60 
1702062503163027171723272333197 15 12  6  6  9 12  9 18 110.63  7 70.50 
1702072503172320 71723171717141  9  7  3  6  9  6  6  6  60.31  8 70.10 
17020825031810 0 7101717 717 85  4  0  3  4  6  6  3  6  40.10  0 71.10 
17020925031920131017 7202023130  7  5  4  6  3  7  7  9  60.31 14 71.50 
1702102503201710171320231323136  6  4  6  5  7  9  5  9  60.31 15 72.10 
1702112503213010 7 7 3 0 7 3 67 15  4  3  3  2  0  3  2  40.10 14 73.80 
170212250322 7 0 3 3 31017 7 50  3  0  2  2  2  4  6  3  30.00 12 74.30 
1702132503232010 3 7 3201010 83  7  4  2  3  2  7  4  4  40.10 12 73.00 
170214250324 3 0 0 0 0 0 310 16  2  0  0  0  0  0  2  4  10.00 11 72.70 
170215250325 0 0 7 0 3 313 7 33  0  0  3  0  2  2  5  3  20.00 16 73.00 
170216250326 71320 723302317140  3  5  7  3  9 15  9  6  70.42  8 72.20 
1702172503272033373723332740250  7 18 22 22  9 18 12 27 170.94  9 72.80 
1702182504 14040201710203033210 27 27  7  6  4  7 15 18 140.84  8 74.90 
1702192504 2303023 7132327 7160 15 15  9  3  5  9 12  3  90.52 16 76.40 
1702202504 3 727171717233017155  3 12  6  6  6  9 15  6  80.42 23 78.90 
1702212504 42017 7 3 3 3 017 70  7  6  3  2  2  2  0  6  40.10 18 80.70 
1702222504 533272323 7131310149 18 12  9  9  3  5  5  4  80.42 18 81.40 
1702232504 61723202020302330183  6  9  7  7  7 15  9 15  90.52 14 81.60 
1702242504 74333273737271727248 32 18 12 22 22 12  6 12 170.94 15 80.50 
1702252504 827231713 3 3 320109 12  9  6  5  2  2  2  7  60.31 21 78.50 
1702262504 9 7 7 0 3 3 0 0 3 23  3  3  0  2  2  0  0  2  20.00 22 77.50 
1702272504101013101310102727120  4  5  4  5  4  4 12 12  60.31 31 80.60 
17022825041130201313 7132023139 15  7  5  5  3  5  7  9  70.00 36 78.87 
1703012504123033274347434757327 15 18 12 32 39 32 39 67 321.36 39 79.30 
1703022504134743374747334323320 39 32 22 39 39 18 32  9 291.36 37 77.80 
1703032504143337403730402013250 18 22 27 22 15 27  7  5 181.05 27 76.70 
1703042504154040303027332743270 27 27 15 15 12 18 12 32 201.05  0 73.90 
1703052504162723272327274037231 12  9 12  9 12 12 27 22 140.84  8 71.60 
1703062504174030103337374740274 27 15  4 18 22 22 39 27 221.15  0 71.30 
1703072504182330332723302727220  9 15 18 12  9 15 12 12 130.73  0 70.60 
1703082504193313 72027203333186 18  5  3  7 12  7 18 18 110.63  0 69.60 
1703092504203323203327202320199 18  9  7 18 12  7  9  7 110.63  0 70.30 
170310250421203033302010 720170  7 15 18 15  7  4  3  7 100.52  0 70.00 
17031125042210 310 3 0 31333 75  4  2  4  2  0  2  5 18  50.21  0 69.10 
170312250423303313 720 7 7 7124 15 18  5  3  7  3  3  3  70.42  0 69.20 
170313250424 31310 3 3 0 0 3 35  2  5  4  2  2  0  0  2  20.00  0 69.50 
170314250425 717 7 713131010 84  3  6  3  3  5  5  4  4  40.10  0 68.80 
17031525042610131717 7 31333113  4  5  6  6  3  2  5 18  60.31  0 69.10 
1703162504273017 0 310 31013 86 15  6  0  2  4  2  4  5  50.21  0 69.70 
1703172505 1 31310 3 0 0 313 45  2  5  4  2  0  0  2  5  20.00  0 69.90 
1703182505 2 7 0 0 0 0 0 710 24  3  0  0  0  0  0  3  4  10.00  0 69.60 
1703192505 3 0 0 7 3 0 3 310 26  0  0  3  2  0  2  2  4  20.00  0 70.50 
1703202505 4 3 0 3 3 0 3 3 3 18  2  0  2  2  0  2  2  2  20.00  0 72.10 
1703212505 51033402330475040273  4 18 27  9 15 39 48 27 231.15  8 70.50 
1703222505 63733233337404343289 22 18  9 18 22 27 32 32 221.15  9 72.00 
1703232505 740332017 717 710151 27 18  7  6  3  6  3  4  90.52  9 71.50 
1703242505 8202313 31717 7 3103  7  9  5  2  6  6  3  2  50.21  9 71.90 
1703252505 9 013 3 7 7 7 313 53  0  5  2  3  3  3  2  5  30.10 11 73.70 
17032625051017 3 3 7 7 3 013 53  6  2  2  3  3  2  0  5  30.10 18 76.80 
1703272505112347475343506043366  9 39 39 56 32 48 80 32 421.57 33 82.50 
1703282505125350333730273033293 56 48 18 22 15 12 15 18 261.26 38 83.40 
1703292505133733373330401733260 22 18 22 18 15 27  6 18 181.05 33 83.10 
1703302505143343301730304043266 18 32 15  6 15 15 27 32 201.05 32 85.70 
1703312505154347433733374040320 32 39 32 22 18 22 27 27 270.00 40 84.07 
1704012505162723273023402723220 12  9 12 15  9 27 12  9 130.84 48100.90 
17040225051723201710202310 3126  9  7  6  4  7  9  4  2  60.31 57111.90 
170403250518 3 7 7131713 3 7 70  2  3  3  5  6  5  2  3  40.10 68107.90 
170404250519233747472313 727224  9 22 39 39  9  5  3 12 170.94 54 93.90 
1704052505201710201313171733140  6  4  7  5  5  6  6 18  70.42 36 84.70 
17040625052113 3 71323301313115  5  2  3  5  9 15  5  5  60.31 25 75.80 
17040725052230202017 7 72333157 15  7  7  6  3  3  9 18  80.52 16 74.10 
1704082505233330372320202343229 18 15 22  9  7  7  9 32 150.84  0 73.30 
170409250524404330232323 713202 27 32 15  9  9  9  3  5 140.84  0 74.70 
17041025052523 3 3 317 7 713 76  9  2  2  2  6  3  3  5  40.10  9 73.90 
1704112505261010233323203023172  4  4  9 18  9  7 15  9  90.52  9 74.90 
170412250527302010 7 0 0 0 3 70 15  7  4  3  0  0  0  2  40.10 13 71.80 
1704132506 1 7 7 3 0 7132013 70  3  3  2  0  3  5  7  5  40.10 16 73.90 
1704142506 23333232027202720203 18 18  9  7 12  7 12  7 110.63 12 73.30 
1704152506 3302020 3 7 710 7104 15  7  7  2  3  3  4  3  60.21  0 73.50 
1704162506 4 3 71010 0 3 710 50  2  3  4  4  0  2  3  4  30.00  0 75.00 
1704172506 5 3 313 310 3 710 52  2  2  5  2  4  2  3  4  30.10  0 75.80 
1704182506 617 7 3 710101727 98  6  3  2  3  4  4  6 12  50.21 16 86.40 
1704192506 730433013 7203027200 15 32 15  5  3  7 15 12 130.73 11 81.60 
1704202506 84357374033273027294 32 67 22 27 18 12 15 12 261.26 20 81.40 
1704212506 9 71010 720435347197  3  4  4  3  7 32 56 39 181.05 27 83.10 
1704222506105053505050474053393 48 56 48 48 48 39 27 56 461.57 21 84.50 
1704232506114040534350474343359 27 27 56 32 48 39 32 32 371.46 29 83.40 
1704242506123337333720333730260 18 22 18 22  7 18 22 15 181.05 32 81.10 
1704252506132723202330202020183 12  9  7  9 15  7  7  7  90.52 29 82.30 
1704262506142713231317232020156 12  5  9  5  6  9  7  7  80.42 27 80.60 
17042725061520232310 7 71717124  7  9  9  4  3  3  6  6  60.31 18 79.30 
170428250616131013 713101323102  5  4  5  3  5  4  5  9  50.21 25 79.10 
1704292506172010171310102020120  7  4  6  5  4  4  7  7  60.21 23 78.20 
17043025061813 7 713 7101717 91  5  3  3  5  3  4  6  6  40.00 16 78.87 
1705012506192317 0 3 0 31317 76  9  6  0  2  0  2  5  6  40.10  9 76.40 
170502250620 320 713 3 3 317 69  2  7  3  5  2  2  2  6  40.10 19 78.40 
17050325062110 3 3 71010 3 3 49  4  2  2  3  4  4  2  2  30.10 12 76.20 
170504250622 31313 3 7 31337 92  2  5  5  2  3  2  5 22  60.31 11 75.40 
1705052506233013 0 310 3 3 3 65 15  5  0  2  4  2  2  2  40.10 22 74.80 
17050625062410171010 7 31310 80  4  6  4  4  3  2  5  4  40.10 18 74.10 
17050725062513202313 7132720136  5  7  9  5  3  5 12  7  70.31 16 73.00 
17050825062620 71710 7101313 97  7  3  6  4  3  4  5  5  50.21  9 71.80 
170509250627131010 717171013 97  5  4  4  3  6  6  4  5  50.21  0 70.20 
1705102507 12013 0 023101323102  7  5  0  0  9  4  5  9  50.21  0 69.90 
1705112507 2132717 710101017111  5 12  6  3  4  4  4  6  60.21  0 70.50 
1705122507 31710232023101313129  6  4  9  7  9  4  5  5  60.31  5 70.40 
1705132507 4 313 3 7 7 71313 66  2  5  2  3  3  3  5  5  40.10  0 71.90 
1705142507 52013132723201723156  7  5  5 12  9  7  6  9  80.42  0 72.70 
1705152507 6 317233320233027176  2  6  9 18  7  9 15 12 100.52  0 72.20 
1705162507 7232317172713 717144  9  9  6  6 12  5  3  6  70.42 16 73.50 
1705172507 82017232017101323143  7  6  9  7  6  4  5  9  70.31  8 73.10 
1705182507 930333013 3101317149 15 18 15  5  2  4  5  6  90.52 15 73.90 
1705192507101723201020303330183  6  9  7  4  7 15 18 15 100.63 16 74.00 
1705202507113737403737403330291 22 22 27 22 22 27 18 15 221.15 21 74.20 
1705212507122727232017102020164 12 12  9  7  6  4  7  7  80.42 22 75.30 
1705222507132020132020232730173  7  7  5  7  7  9 12 15  90.52 34 76.30 
1705232507141330131017132023139  5 15  5  4  6  5  7  9  70.42 39 77.90 
1705242507151310 7 7 7 3 3 3 53  5  4  3  3  3  2  2  2  30.10 16 79.90 
170525250716 3 3 0 3 7 7 317 43  2  2  0  2  3  3  2  6  20.00 21 78.10 
17052625071710 3 3 7 0 3 7 3 36  4  2  2  3  0  2  3  2  20.00 18 82.40 
17052725071810 3 0 010272757134  4  2  0  0  4 12 12 67 130.73 16 84.10 
17052825071957675747332013 7301 67111 67 39 18  7  5  3 401.46 14 81.00 
170529250720 3 7 720403327 7144  2  3  3  7 27 18 12  3  90.52  9 77.90 
170530250721203010 7 3 3 3 7 83  7 15  4  3  2  2  2  3  50.21  0 75.70 
170531250722 013 3 310 7 7 7 50  0  5  2  2  4  3  3  3  00.00  0 78.20 
170601250723 3 7 7 313272327110  2  3  3  2  5 12  9 12  60.31 10 77.90 
1706022507241713 7 7 7 71010 78  6  5  3  3  3  3  4  4  40.10 18 80.40 
170603250725 3 3172033371310136  2  2  6  7 18 22  5  4  80.42 18 80.20 
170604250726 7 3 3 3 3 0 3 3 25  3  2  2  2  2  0  2  2  20.00 18 79.90 
170605250727 710 71023101017 94  3  4  3  4  9  4  4  6  50.21 22 81.80 
1706062508 1171710 710 7 7 7 82  6  6  4  3  4  3  3  3  40.10 18 77.60 
1706072508 2101313 3 710 317 76  4  5  5  2  3  4  2  6  40.10 11 77.80 
1706082508 313 7 3 313 7 710 63  5  3  2  2  5  3  3  4  30.10 10 76.20 
1706092508 423 7 3 3 3 3 3 7 52  9  3  2  2  2  2  2  3  30.10  0 76.00 
1706102508 51310 3 3 3 3 3 7 45  5  4  2  2  2  2  2  3  30.00  0 77.00 
1706112508 6 313201330473720183  2  5  7  5 15 39 22  7 130.73  0 76.60 
1706122508 71013 7 720172323120  4  5  3  3  7  6  9  9  60.31  0 77.50 
1706132508 8271710201020 7 7118 12  6  4  7  4  7  3  3  60.31  8 77.20 
1706142508 9 010132017171010 97  0  4  5  7  6  6  4  4  40.21  8 76.40 
1706152508101310 310 7 3 7 0 53  5  4  2  4  3  2  3  0  30.10 22 79.90 
170616250811 717373743373050258  3  6 22 22 32 22 15 48 211.15 22 75.80 
1706172508123730102023203330203 22 15  4  7  9  7 18 15 120.73 23 77.20 
1706182508133323202023132020172 18  9  7  7  9  5  7  7  90.52 21 77.30 
1706192508141320131713 3 0 3 82  5  7  5  6  5  2  0  2  40.10 19 76.00 
170620250815 310 7 3 710 3 0 43  2  4  3  2  3  4  2  0  20.00 21 76.90 
170621250816 0 3 3 7 7101320 63  0  2  2  3  3  4  5  7  30.10 25 76.20 
1706222508172010 3 3 3 32013 75  7  4  2  2  2  2  7  5  40.10 16 76.10 
17062325081810 3 710 3 72020 80  4  2  3  4  2  3  7  7  40.10 15 76.10 
1706242508191313172720172327157  5  5  6 12  7  6  9 12  80.42 17 76.60 
1706252508202017332317201320163  7  6 18  9  6  7  5  7  80.42 13 76.20 
1706262508212317102013132017133  9  6  4  7  5  5  7  6  60.31 16 76.20 
1706272508221713 7131010 710 87  6  5  3  5  4  4  3  4  40.10 14 76.60 
17062825082313171010 7 0 0 3 60  5  6  4  4  3  0  0  2  30.10 12 74.50 
170629250824 7172013 7 3 3 7 77  3  6  7  5  3  2  2  3  40.10  9 74.20 
170630250825 3 3 7 710 7 710 54  2  2  3  3  4  3  3  4  30.00  8 75.10 
1707012508261330201723273017177  5 15  7  6  9 12 15  6  90.52  9 73.10 
1707022508272727404327173033244 12 12 27 32 12  6 15 18 170.94  8 73.60 
1707032509 120201013 3 7 717 97  7  7  4  5  2  3  3  6  50.21  0 74.10 
1707042509 2 710 7 3 3 31013 56  3  4  3  2  2  2  4  5  30.10  0 74.20 
1707052509 3 7 3 0 3 3 3 3 7 29  3  2  0  2  2  2  2  3  20.00  0 75.50 
1707062509 4 7 7101013171330107  3  3  4  4  5  6  5 15  60.31 10 78.50 
1707072509 51713 3 3 7 71013 73  6  5  2  2  3  3  4  5  40.10 18 82.20 
1707082509 613 7 3 7 3 3 3 7 46  5  3  2  3  2  2  2  3  30.00 22 89.50 
1707092509 74730235020304033273 39 15  9 48  7 15 27 18 221.15 32 94.00 
1707102509 830301710 7101320137 15 15  6  4  3  4  5  7  70.42 31 98.20 
1707112509 91723271313231017143  6  9 12  5  5  9  4  6  70.42 27 94.10 
17071225091013 7 7 71010 7 7 68  5  3  3  3  4  4  3  3  40.10 43 93.20 
170713250911 7 7 3 310 3 713 53  3  3  2  2  4  2  3  5  30.10 41 95.30 
170714250912 3 7 3 3 7 7 3 7 40  2  3  2  2  3  3  2  3  20.00 37 97.00 
170715250913 710 3 3 3 7 710 50  3  4  2  2  2  3  3  4  30.10 22 94.60 
1707162509141717435357536047347  6  6 32 56 67 56 80 39 431.57 14 89.30 
1707172509153037374040531317267 15 22 22 27 27 56  5  6 221.15 14 88.40 
1707182509162327131013 7 313109  9 12  5  4  5  3  2  5  60.31  0 80.80 
170719250917 3 7 3 7 31010 7 50  2  3  2  3  2  4  4  3  30.10  0 75.50 
1707202509181010 7 713172727118  4  4  3  3  5  6 12 12  60.31  0 72.50 
1707212509194033231323301730209 27 18  9  5  9 15  6 15 130.73  0 71.60 
1707222509202720374017232023207 12  7 22 27  6  9  7  9 120.73  0 71.80 
1707232509213020232723232037203 15  7  9 12  9  9  7 22 110.63  0 72.80 
1707242509222023271723201333176  7  9 12  6  9  7  5 18  90.52  0 72.30 
1707252509232013202327202330176  7  5  7  9 12  7  9 15  90.52  0 72.00 
17072625092430203717201313 3153 15  7 22  6  7  5  5  2  90.52  0 70.70 
170727250925 710 7 71323 727101  3  4  3  3  5  9  3 12  50.21  0 70.50 
1707282509261310 71317202713120  5  4  3  5  6  7 12  5  60.31  0 71.60 
170729250927 7101310 710 3 7 67  3  4  5  4  3  4  2  3  40.10  0 72.10 
1707302510 11310 7 7 3 713 0 60  5  4  3  3  2  3  5  0  30.10  9 71.70 
1707312510 2 31010 7 71010 7 64  2  4  4  3  3  4  4  3  30.00  0 71.80 
1708012510 3 7 7131320 7 3 7 77  3  3  5  5  7  3  2  3  40.10  8 75.70 
1708022510 410 7 3 71713 710 74  4  3  2  3  6  5  3  4  40.10  9 76.60 
1708032510 5 3 7 31017334037150  2  3  2  4  6 18 27 22 100.63  9 77.30 
1708042510 62330374340403327273  9 15 22 32 27 27 18 12 201.05  9 76.30 
1708052510 72337272027333727231  9 22 12  7 12 18 22 12 140.84  9 76.30 
1708062510 82723204023132327196 12  9  7 27  9  5  9 12 110.63  8 75.60 
1708072510 9 713172013 7 3 7 87  3  5  6  7  5  3  2  3  40.10  8 74.80 
170808251010 7 7 7 7101317 7 75  3  3  3  3  4  5  6  3  40.10  8 73.00 
170809251011 3 3101010 71013 66  2  2  4  4  4  3  4  5  40.10  8 73.40 
170810251012 3 7101320 7 313 76  2  3  4  5  7  3  2  5  40.10  9 73.00 
1708112510131313101313132717119  5  5  4  5  5  5 12  6  60.31  8 71.70 
1708122510142730171313 73027164 12 15  6  5  5  3 15 12  90.52  7 72.20 
1708132510152317171713131317130  9  6  6  6  5  5  5  6  60.31  7 70.00 
1708142510162010 31013101313 92  7  4  2  4  5  4  5  5  40.21  5 74.90 
170815251017 710 7 3 0 3 313 46  3  4  3  2  0  2  2  5  30.00 14 76.10 
1708162510181310101313101320102  5  4  4  5  5  4  5  7  50.21 21 79.20 
1708172510192720404743303333273 12  7 27 39 32 15 18 18 211.15 27 78.50 
1708182510203727173037274727249 22 12  6 15 22 12 39 12 181.05 28 82.00 
1708192510214333434040402743309 32 18 32 27 27 27 12 32 261.26 34 88.90 
1708202510224047302323302730250 27 39 15  9  9 15 12 15 181.05 41 88.00 
1708212510232020272713102027164  7  7 12 12  5  4  7 12  80.42 43 89.10 
1708222510244743331723231737240 39 32 18  6  9  9  6 22 181.05 41 92.30 
1708232510253037302340434723273 15 22 15  9 27 32 39  9 211.15 45 87.00 
170824251026233327202313 3 7149  9 18 12  7  9  5  2  3  80.42 36 80.50 
170825251027 310101313 7 320 79  2  4  4  5  5  3  2  7  40.10 34 82.50 
1708262511 1 3 310 3 71313 7 59  2  2  4  2  3  5  5  3  30.10 34 79.20 
1708272511 22310 71713273027154  9  4  3  6  5 12 15 12  80.42 23 79.80 
1708282511 3 7 7 7 7 3 3 010 44  3  3  3  3  2  2  0  4  20.00 14 83.20 
1708292511 41013131010204023139  4  5  5  4  4  7 27  9  80.42 25 85.90 
1708302511 5202010 3 0 0 3 3 59  7  7  4  2  0  0  2  2  30.10 32 88.60 
1708312511 61730505050272723274  6 15 48 48 48 12 12  9 240.00 47 85.90 
1709012511 73327203737201733224 18 12  7 22 22  7  6 18 140.84 48 95.10 
1709022511 83747433017332730264 22 39 32 15  6 18 12 15 201.05 43101.70 
1709032511 92727102027231320167 12 12  4  7 12  9  5  7  80.52 81122.20 
1709042511103730172013233343216 22 15  6  7  5  9 18 32 140.84 84185.50 
1709052511113727231313232313172 22 12  9  5  5  9  9  5 100.52 92122.50 
170906251112171313232313 333138  6  5  5  9  9  5  2 18  70.42 79134.90 
1709072511133037333327173073280 15 22 18 18 12  6 15154 321.36 75130.40 
1709082511147747435080735747474179 39 32 48207154 67 39 961.98 68118.50 
1709092511152317 7 3 7 3 0 3 63  9  6  3  2  3  2  0  2  30.10 48108.70 
170910251116 0 0 0 0 3231730 73  0  0  0  0  2  9  6 15  40.10 32101.60 
1709112511173323201723232323185 18  9  7  6  9  9  9  9 100.52 21 80.90 
1709122511182017202327204053220  7  6  7  9 12  7 27 56 160.94  8 76.40 
17091325111953303320131313 3178 56 15 18  7  5  5  5  2 140.84 10 76.00 
1709142511202020102333574040243  7  7  4  9 18 67 27 27 211.15  9 75.10 
1709152511215037433037305347327 48 22 32 15 22 15 56 39 311.36  9 73.60 
1709162511225053273740373030304 48 56 12 22 27 22 15 15 271.26  9 72.90 
1709172511233030202340372317220 15 15  7  9 27 22  9  6 140.84 10 72.90 
1709182511244037403727302333267 27 22 27 22 12 15  9 18 191.05  9 72.90 
1709192511252013 71313202720133  7  5  3  5  5  7 12  7  60.31  9 71.30 
1709202511263030172020 713 7144 15 15  6  7  7  3  5  3  80.42 15 74.50 
170921251127 710231713 31017100  3  4  9  6  5  2  4  6  50.21 15 73.60 
1709222512 1 71010 7 7 72320 91  3  4  4  3  3  3  9  7  40.21 12 78.10 
1709232512 2101010 310 72013 83  4  4  4  2  4  3  7  5  40.10  9 81.70 
1709242512 31013 7 710132023103  4  5  3  3  4  5  7  9  50.21 15 87.40 
1709252512 42323 7 7 0 3 0 3 66  9  9  3  3  0  2  0  2  40.10 27 90.40 
1709262512 5 7 7 710 3 0 320 57  3  3  3  4  2  0  2  7  30.10 28 91.10 
1709272512 63327433737305363323 18 12 32 22 22 15 56 94 341.36 29 91.30 
1709282512 75060634037403743370 48 80 94 27 22 27 22 32 441.57 32 91.20 
1709292512 83020232733172023193 15  7  9 12 18  6  7  9 100.63 32 90.00 
1709302512 92030301730232327200  7 15 15  6 15  9  9 12 110.00 32 90.83 
1710012512103317272020301727191 18  6 12  7  7 15  6 12 100.63 25 85.90 
1710022512111030171713 3 3 3 96  4 15  6  6  5  2  2  2  50.21 23 86.10 
171003251212232727 7 0 3 310100  9 12 12  3  0  2  2  4  60.21 19 86.50 
1710042512131723 3 0 7 31320 86  6  9  2  0  3  2  5  7  40.10 19 86.80 
1710052512142710 3 0 3 71033 93 12  4  2  0  2  3  4 18  60.31 19 70.00 
1710062512152723131017171320140 12  9  5  4  6  6  5  7  70.31 17 84.00 
17100725121610 3 0 3 3 71310 49  4  2  0  2  2  3  5  4  30.00  9 79.50 
1710082512171320 3 0 3 3 3 7 52  5  7  2  0  2  2  2  3  30.10  0 76.50 
17100925121817 3 0 3 0 0 0 3 26  6  2  0  2  0  0  0  2  20.00  0 72.10 
171010251219 3 0 0 3 0 3 720 36  2  0  0  2  0  2  3  7  20.00  0 70.70 
1710112512203340473740473733314 18 27 39 22 27 39 22 18 261.26  0 69.30 
1710122512215030404340372340303 48 15 27 32 27 22  9 27 261.26  0 69.90 
1710132512222740173353435350316 12 27  6 18 56 32 56 48 321.36  0 69.40 
1710142512234740474737373027312 39 27 39 39 22 22 15 12 271.26  0 68.60 
1710152512244047274040332710264 27 39 12 27 27 18 12  4 211.15  0 69.90 
1710162512251727171313102317137  6 12  6  5  5  4  9  6  70.31  0 70.40 
1710172512261310101017 710 7 84  5  4  4  4  6  3  4  3  40.10  0 69.80 
1710182512271013 7 7 7 01023 77  4  5  3  3  3  0  4  9  40.10  0 72.70 
1710192513 12723231720302323186 12  9  9  6  7 15  9  9 100.52  0 72.80 
1710202513 23320171017 31017127 18  7  6  4  6  2  4  6  70.31  0 75.10 
1710212513 31317171320232030153  5  6  6  5  7  9  7 15  80.42  8 75.70 
1710222513 4301310 7 7 71017101 15  5  4  3  3  3  4  6  50.21  8 76.50 
1710232513 520 7 71710 7 310 81  7  3  3  6  4  3  2  4  40.10 16 77.20 
1710242513 617 7202743472343227  6  3  7 12 32 39  9 32 181.05 16 76.70 
1710252513 73733432720272337247 22 18 32 12  7 12  9 22 170.94 16 77.90 
1710262513 83020333037402713230 15  7 18 15 22 27 12  5 150.94 16 76.40 
1710272513 9201310 7 3 01313 79  7  5  4  3  2  0  5  5  40.10 17 75.00 
17102825131010201313 710 710 90  4  7  5  5  3  4  3  4  40.21 17 74.40 
1710292513111017 0 3 3 0 7 3 43  4  6  0  2  2  0  3  2  20.00 16 74.30 
171030251312 7 7 0 3 0 3 0 3 23  3  3  0  2  0  2  0  2  20.00 16 74.50 
17103125131310 0 0 317 7 7 7 51  4  4  4  2  6  3  3  3  30.00  8 74.40 
17110125131410 0 3 3 7 0 710 40  4  0  2  2  3  0  3  4  20.00  0 71.50 
1711022513152317101013131727130  9  6  4  4  5  5  6 12  60.31  0 72.40 
1711032513163323232323 31013151 18  9  9  9  9  2  4  5  80.42  0 72.00 
17110425131710 7 7 3 7 3 310 50  4  3  3  2  3  2  2  4  30.10  0 70.90 
171105251318 7 0 3 0 0 0 7 7 24  3  0  2  0  0  0  3  3  10.00  0 69.90 
171106251319 7 0 0 0 0 0 0 3 10  3  0  0  0  0  0  0  2  10.00  0 68.10 
1711072513201327304340375757304  5 12 15 32 27 22 67 67 311.36  0 67.00 
1711082513215357334350403347356 56 67 18 32 48 27 18 39 381.46  0 66.40 
1711092513223333233327373037253 18 18  9 18 12 22 15 22 170.94  0 64.60 
1711102513232733373737373030268 12 18 22 22 22 22 15 15 181.05  0 67.20 
1711112513243023172017101013140 15  9  6  7  6  4  4  5  70.42  0 65.90 
1711122513251713 710 7101323100  6  5  3  4  3  4  5  9  50.21  0 68.00 
171113251326102010171023 7 7104  4  7  4  6  4  9  3  3  50.21  0 70.60 
1711142513272730271013201727171 12 15 12  4  5  7  6 12  90.52  9 72.80 
1711152514 11723273323332317196  6  9 12 18  9 18  9  6 110.63  9 72.60 
1711162514 240403020 7131727194 27 27 15  7  3  5  6 12 130.73 12 71.60 
1711172514 31017132313 0 310 89  4  6  5  9  5  0  2  4  40.21 16 74.70 
1711182514 41713201717131017124  6  5  7  6  6  5  4  6  60.31 10 74.30 
1711192514 5 7132317 3 3 7 7 80  3  5  9  6  2  2  3  3  40.10  0 72.70 
1711202514 610 3 0 0 7202030 90  4  2  0  0  3  7  7 15  50.21  0 71.80 
1711212514 74043433323373737293 27 32 32 18  9 22 22 22 231.15  0 71.40 
1711222514 82327172030202317177  9 12  6  7 15  7  9  6  90.52  0 71.60 
1711232514 91710202723171720151  6  4  7 12  9  6  6  7  70.42  0 70.60 
171124251410272013 3 3 73330136 12  7  5  2  2  3 18 15  80.42  0 72.20 
171125251411332310 7 0 7 7 3 90 18  9  4  3  0  3  3  2  50.21 11 72.40 
171126251412 0 010 0 3 310 7 33  0  0  4  0  2  2  4  3  20.00 13 73.50 
1711272514131310 7 3171013 7 80  5  4  3  2  6  4  5  3  40.10 12 71.70 
1711282514142720101010 710 7101 12  7  4  4  4  3  4  3  50.21 11 70.00 
171129251415101013 7 0 71317 77  4  4  5  3  0  3  5  6  40.10  9 70.60 
1711302514162337101020171717151  9 22  4  4  7  6  6  6  80.00  7 70.77 
171201251417102713 7132320 7120  4 12  5  3  5  9  7  3  60.31  0 68.30 
171202251418 7 0 3 0 320 7 7 47  3  0  2  0  2  7  3  3  20.00  0 69.50 
171203251419 3 0 0 3 0 0 0 7 13  2  0  0  2  0  0  0  3  10.00  0 67.00 
171204251420 3 0171320273037147  2  0  6  5  7 12 15 22  90.52  0 66.40 
1712052514213030374350403333296 15 15 22 32 48 27 18 18 241.26  0 66.00 
1712062514223037302027273020221 15 22 15  7 12 12 15  7 130.84  9 66.30 
1712072514232323201330272023179  9  9  7  5 15 12  7  9  90.52  7 65.90 
1712082514241313201317 71010103  5  5  7  5  6  3  4  4  50.21  0 67.80 
17120925142510 3 0 71313 7 3 56  4  2  0  3  5  5  3  2  30.10  0 69.00 
171210251426 0 010 3 3 7 313 39  0  0  4  2  2  3  2  5  20.00  0 69.80 
1712112514271023232330232313168  4  9  9  9 15  9  9  5  90.52  5 70.10 
1712122515 12327232310273727197  9 12  9  9  4 12 22 12 110.63  9 69.20 
1712132515 2 3 0131017202327113  2  0  5  4  6  7  9 12  60.31  0 69.90 
1712142515 32310 3 3 3 0 7 7 56  9  4  2  2  2  0  3  3  30.10  0 69.80 
1712152515 4 0 0 0 713 7 713 47  0  0  0  3  5  3  3  5  20.00  0 69.50 
1712162515 5 3 0 7 7 7 3 320 50  2  0  3  3  3  2  2  7  30.00  0 69.00 
1712172515 62730473330334337280 12 15 39 18 15 18 32 22 211.15  0 68.80 
1712182515 74037403030231310223 27 22 27 15 15  9  5  4 160.94  0 69.40 
1712192515 8 7 7 3 310202023 93  3  3  2  2  4  7  7  9  50.21  5 66.60 
1712202515 917171020 71013 0 94  6  6  4  7  3  4  5  0  40.21  9 71.80 
171221251510 3 7 710 7 3 0 0 37  2  3  3  4  3  2  0  0  20.00 14 73.60 
171222251511 3 3 3 0 0 0 010 19  2  2  2  0  0  0  0  4  10.00 16 72.90 
17122325151213231313 3 0 7 7 79  5  9  5  5  2  0  3  3  40.10 18 73.70 
1712242515131320202730301730187  5  7  7 12 15 15  6 15 100.63 18 73.60 
17122525151427 7202313172717151 12  3  7  9  5  6 12  6  80.42 16 73.20 
1712262515152727101713133330170 12 12  4  6  5  5 18 15 100.52 11 69.50 
17122725151620231310 7271720137  7  9  5  4  3 12  6  7  70.31  9 68.60 
171228251517 7 3131010131017 83  3  2  5  4  4  5  4  6  40.10  0 68.80 
171229251518 7 7 3 3 71020 7 64  3  3  2  2  3  4  7  3  30.10  0 69.10 
171230251519 710 3 0 3 7 317 50  3  4  2  0  2  3  2  6  30.00  0 68.10 
171231251520 3 0 3 3 0 7 310 29  2  2  2  2  2  3  2  4  20.00  5 68.67 
