210101255610 0 310 7 313 310 49  0  2  4  3  2  5  2  4  3 .00 16 77.70 
210102255611 3 0 0 3 0 0 0 3  9  2  0  0  2  0  0  0  2  1 .00 12 78.80 
210103255612 3 0 0 0 0 3 0 7 13  2  0  0  0  0  2  0  3  1 .00  0 77.80 
210104255613 7 0 7 7 0 0 0 7 28  3  0  3  3  0  0  0  3  2 .00  0 75.00 
210105255614171010 743301033160  6  4  4  3 32 15  4 18 11 .63  0 72.60 
2101062556153033372320131313182 15 18 22  9  7  5  5  5 11 .63  0 71.70 
210107255616101710 7 3 71327 94  4  6  4  3  2  3  5 12  5 .21  0 72.20 
210108255617 7 0 0 0 0 0 0 3 10  3  0  0  0  0  0  0  2  1 .00  0 72.80 
210109255618 713 3 3 0 0 0 3 29  3  5  2  2  0  0  0  2  2 .00  0 71.80 
21011025561910 3 7 0 0 71010 47  4  2  3  0  0  3  4  4  2 .00  0 70.70 
21011125562013 0 72330333340179  5  0  3  9 15 18 18 27 12 .73  0 70.80 
2101122556213730232013 71010150 22 15  9  7  5  3  4  4  9 .52  0 70.40 
210113255622 7 7 31310 3 710 60  3  3  2  5  4  2  3  4  3 .10  0 70.80 
210114255623 3 0 0 3 3 3 0 7 19  2  0  0  2  2  2  0  3  1 .00  3 71.20 
21011525562417 0 0 0 310 7 3 40  6  0  0  0  2  4  3  2  2 .00 11 71.00 
210116255625 310 7 7 7 3 310 50  2  4  3  3  3  2  2  4  3 .10  9 75.20 
210117255626 313 0 0 3 0 0 3 22  2  5  0  0  2  0  0  2  1 .00 10 74.80 
210118255627 717 0 0 3 01023 60  3  6  0  0  2  0  4  9  3 .10  8 72.90 
2101192557 12720 710131010 3100 12  7  3  4  5  4  4  2  5 .21 12 75.60 
2101202557 2 7 72017201710 7105  3  3  7  6  7  6  4  3  5 .21 12 74.70 
2101212557 3 3 3 0 7 0 0 010 23  2  2  0  3  0  0  0  4  1 .00 16 75.20 
2101222557 410 0 0 0 7101013 50  4  0  0  0  3  4  4  5  2 .00 21 75.80 
2101232557 510 01013 3101017 73  4  0  4  5  2  4  4  6  4 .10 22 75.50 
2101242557 6 72013 713131320106  3  7  5  3  5  5  5  7  5 .21 14 75.20 
2101252557 71713333320302750223  6  5 18 18  7 15 12 48 16 .94 17 74.80 
2101262557 83740171013272320187 22 27  6  4  5 12  9  7 12 .73 11 73.40 
2101272557 92737202317271033194 12 22  7  9  6 12  4 18 11 .63 15 74.00 
21012825571030 7 7 3 0 0 0 7 54 15  3  3  2  0  0  0  3  3 .10  3 72.80 
210129255711 31310 3 3 3 3 7 45  2  5  4  2  2  2  2  3  3 .00  0 73.20 
210130255712 0 3 0 3 3 7 0 3 19  0  2  0  2  2  3  0  2  1 .00  0 71.60 
21013125571310 0 0 0 0 0 0 3 13  4  0  0  0  0  0  0  2  1 .00  0 71.20 
2102012557141720 0 010171320 97  6  7  0  0  4  6  5  7  4 .21  0 71.50 
2102022557154040373037231017234 27 27 22 15 22  9  4  6 16 .94  5 70.80 
21020325571623302023 7304027200  9 15  7  9  3 15 27 12 12 .73  4 72.20 
2102042557172330271717 0 317134  9 15 12  6  6  0  2  6  7 .42  0 71.80 
2102052557182720 717 7 71013108 12  7  3  6  3  3  4  5  5 .21  0 70.80 
210206255719 7 0 0 313333320109  3  0  0  2  5 18 18  7  7 .31  0 70.50 
2102072557204747403733171713251 39 39 27 22 18  6  6  5 201.05  0 71.20 
210208255721 7131013 7132033116  3  5  4  5  3  5  7 18  6 .31  2 71.60 
21020925572213101713 7 3 0 3 66  5  4  6  5  3  2  0  2  3 .10  1 68.10 
210210255723 3 0 71010 3 0 3 36  2  0  3  4  4  2  0  2  2 .00  0 71.80 
210211255724 3 31010 010 0 0 36  2  2  4  4  0  4  0  0  2 .00  0 73.80 
210212255725 0 3 3 0 7172030 80  0  2  2  0  3  6  7 15  4 .21  0 70.30 
210213255726303323402310 720186 15 18  9 27  9  4  3  7 12 .73  0 69.60 
210214255727131320 710 3 0 0 66  5  5  7  3  4  2  0  0  3 .10  0 69.70 
2102152558 1 0 0 7 7 7102330 84  0  0  3  3  3  4  9 15  5 .21  0 68.00 
2102162558 21337404017231310193  5 22 27 27  6  9  5  4 13 .84  0 69.80 
2102172558 31723201320171323146  6  9  7  5  7  6  5  9  7 .31  0 70.70 
2102182558 423171013 7 0 0 7 77  9  6  4  5  3  0  0  3  4 .10  7 69.50 
2102192558 52013132037373737214  7  5  5  7 22 22 22 22 14 .84  7 71.30 
2102202558 63027403030434040280 15 12 27 15 15 32 27 27 211.15  7 74.70 
2102212558 73737434037202033267 22 22 32 27 22  7  7 18 201.05  7 73.60 
2102222558 83740232730233733250 22 27  9 12 15  9 22 18 17 .94 13 74.30 
2102232558 93733272333201713203 22 18 12  9 18  7  6  5 12 .73 22 76.50 
2102242558103027403017374333257 15 12 27 15  6 22 32 18 181.05 23 78.90 
2102252558114337272310272730224 32 22 12  9  4 12 12 15 15 .84 23 78.50 
2102262558123023102320203023179 15  9  4  9  7  7 15  9  9 .52 12 78.50 
210227255813101713 7 713 010 77  4  6  5  3  3  5  0  4  4 .10 11 77.70 
210228255814 320 3 313 72023 92  2  7  2  2  5  3  7  9  5 .21  8 76.20 
2103012558153760504023233317283 22 80 48 27  9  9 18  6 271.26  7 69.70 
2103022558162027232030374743247  7 12  9  7 15 22 39 32 181.05  9 73.30 
2103032558174350433027202027260 32 48 32 15 12  7  7 12 211.15 22 72.90 
210304255818403310 717232027177 27 18  4  3  6  9  7 12 11 .63 18 80.00 
21030525581917132010 7 31713100  6  5  7  4  3  2  6  5  5 .21  8 72.00 
2103062558204043302730132023226 27 32 15 12 15  5  7  9 15 .94  3 75.80 
2103072558212020 720 7331337157  7  7  3  7  3 18  5 22  9 .52 14 76.40 
210308255822 7 7 0 310133020 90  3  3  0  2  4  5 15  7  5 .21  9 78.70 
21030925582313 7 7 3 7 3 3 0 43  5  3  3  2  3  2  2  0  2 .00 12 82.50 
210310255824 0 0 0 0 0 013 7 20  0  0  0  0  0  0  5  3  1 .00 10 78.30 
210311255825 3 0 0 0 3 3 727 43  2  0  0  0  2  2  3 12  3 .00 14 77.20 
2103122558262723332317273327210 12  9 18  9  6 12 18 12 12 .73  8 75.90 
2103132558273743273017273333247 22 32 12 15  6 12 18 18 17 .94  7 80.10 
2103142559 14047433020303340283 27 39 32 15  7 15 18 27 221.15 16 77.10 
2103152559 2232313171017 710120  9  9  5  6  4  6  3  4  6 .31 15 74.00 
2103162559 310 7 0 0 3 7 3 3 33  4  3  0  0  2  3  2  2  2 .00 14 78.40 
2103172559 420 7 3 01020 7 7 74  7  3  2  0  4  7  3  3  4 .10  8 77.50 
2103182559 5201713 7 7 0 020 84  7  6  5  3  3  0  0  7  4 .10  8 72.70 
2103192559 627171310 7 71320114 12  6  5  4  3  3  5  7  6 .31  9 72.90 
2103202559 72333605037373340313  9 18 80 48 22 22 18 27 301.36  7 79.70 
2103212559 84337171337434733270 32 22  6  5 22 32 39 18 221.15  7 76.50 
2103222559 93023171313131313135 15  9  6  5  5  5  5  5  7 .31 15 79.90 
2103232559103037231320202027190 15 22  9  5  7  7  7 12 10 .63 17 81.30 
2103242559113330231713 72033176 18 15  9  6  5  3  7 18 10 .63 18 83.10 
210325255912504033173010 333216 48 27 18  6 15  4  2 18 17 .94 16 78.40 
2103262559133733302710171717188 22 18 15 12  4  6  6  6 11 .63 16 79.20 
210327255914 0 3 7 7 3 72743 97  0  2  3  3  2  3 12 32  7 .42  7 80.10 
21032825591533 7 7 7 7 31010 84 18  3  3  3  3  2  4  4  5 .21  7 74.80 
2103292559161020 7 3 3 3 310 59  4  7  3  2  2  2  2  4  3 .10  7 74.10 
210330255917 3 7 3 0 7 71320 60  2  3  2  0  3  3  5  7  3 .10  8 79.40 
2103312559182723171710231723157 12  9  6  6  4  9  6  9  8 .42  0 73.70 
21040125591930272310 0101713130 15 12  9  4  0  4  6  5  7 .31  0 77.80 
21040225592017 7 0 7132723 7101  6  3  0  3  5 12  9  3  5 .21  0 72.00 
2104032559211013101010 01010 73  4  5  4  4  4  0  4  4  4 .10  0 72.80 
21040425592210 0 7 3 7 3 010 40  4  0  3  2  3  2  0  4  2 .00  8 70.10 
210405255923 7 3 3172313 3 7 76  3  2  2  6  9  5  2  3  4 .10  7 72.00 
210406255924 3 0 0 3 7 31010 36  2  0  0  2  3  2  4  4  2 .00  3 73.80 
2104072559252023233737472713227  7  9  9 22 22 39 12  5 16 .94  0 75.90 
2104082559261310 0 710 71710 74  5  4  0  3  4  3  6  4  4 .10  0 74.20 
210409255927 323 0 7 3 7 0 3 46  2  9  0  3  2  3  0  2  3 .00  0 78.00 
2104102560 1 7 3 7101020 717 81  3  2  3  4  4  7  3  6  4 .10  0 70.70 
2104112560 2202013 7 7 32017107  7  7  5  3  3  2  7  6  5 .21  7 73.30 
2104122560 310 31017 72010 7 84  4  2  4  6  3  7  4  3  4 .10 11 83.30 
2104132560 4 010 71317131317 90  0  4  3  5  6  5  5  6  4 .10 13 73.30 
2104142560 51013 017 7171733114  4  5  0  6  3  6  6 18  6 .31 14 74.90 
2104152560 6273347132317 717184 12 18 39  5  9  6  3  6 12 .73 17 72.50 
2104162560 72023272330274743240  7  9 12  9 15 12 39 32 17 .94 25 77.10 
2104172560 84747503743373037328 39 39 48 22 32 22 15 22 301.36 12 75.90 
2104182560 93733333727233037257 22 18 18 22 12  9 15 22 17 .94 12 78.80 
2104192560103737303730273333264 22 22 15 22 15 12 18 18 181.05 24 86.70 
2104202560113030233013203330209 15 15  9 15  5  7 18 15 12 .73 37 80.70 
2104212560122023232017 7 710127  7  9  9  7  6  3  3  4  6 .31 30 78.70 
2104222560131713131313 0 020 89  6  5  5  5  5  0  0  7  4 .10 30 84.40 
2104232560143027202010302747211 15 12  7  7  4 15 12 39 14 .84 23 78.30 
2104242560153027202013101327160 15 12  7  7  5  4  5 12  8 .52 38 79.50 
2104252560165340272727173320244 56 27 12 12 12  6 18  7 191.05 35 79.70 
2104262560174343301320 7 320179 32 32 15  5  7  3  2  7 13 .73 33 81.30 
210427256018303017131010 3 7120 15 15  6  5  4  4  2  3  7 .31 36 80.40 
21042825601913 0 0 7 3 3 0 7 33  5  0  0  3  2  2  0  3  2 .00 30 77.90 
21042925602010131010101013 7 83  4  5  4  4  4  4  5  3  4 .10 25 78.00 
210430256021 713 010 3232310 89  3  5  0  4  2  9  9  4  4 .21 21 74.00 
21050125602217 3102013131017103  6  2  4  7  5  5  4  6  5 .21  7 72.70 
2105022560233330301310171717167 18 15 15  5  4  6  6  6  9 .52  0 73.10 
210503256024201020131010 3 7 93  7  4  7  5  4  4  2  3  4 .21  0 72.80 
21050425602517 3 710 3 713 7 67  6  2  3  4  2  3  5  3  4 .10  0 71.80 
210505256026 3 7 0 0 3 0 3 7 23  2  3  0  0  2  0  2  3  2 .00  0 70.70 
21050625602710 7 7 71310 3 0 57  4  3  3  3  5  4  2  0  3 .10  0 72.10 
2105072561 1 0 3 0 0 7 71310 40  0  2  0  0  3  3  5  4  2 .00  8 75.90 
2105082561 210 3 71310 3 3 0 49  4  2  3  5  4  2  2  0  3 .00 10 77.40 
2105092561 3 0 3 3 31010 313 45  0  2  2  2  4  4  2  5  3 .00 12 76.40 
2105102561 41023102020102013126  4  9  4  7  7  4  7  5  6 .31 21 78.00 
2105112561 51710 3 3 3 3 3 3 45  6  4  2  2  2  2  2  2  3 .00 21 77.60 
2105122561 61013374770672030294  4  5 22 39132111  7 15 421.57 21 76.30 
2105132561 72017171320101320130  7  6  6  5  7  4  5  7  6 .31 18 76.30 
2105142561 8 7 7 7 0 3101023 67  3  3  3  0  2  4  4  9  4 .10 17 72.40 
2105152561 9331723131013 710126 18  6  9  5  4  5  3  4  7 .31 18 74.90 
210516256110 7 0 71313 317 7 67  3  0  3  5  5  2  6  3  3 .10  7 74.90 
210517256111 713131010172020110  3  5  5  4  4  6  7  7  5 .21  8 76.50 
210518256112303727231713 7 7161 15 22 12  9  6  5  3  3  9 .52 19 78.20 
21051925611317 710 710 71327 98  6  3  4  3  4  3  5 12  5 .21 17 77.70 
2105202561143020274350434037290 15  7 12 32 48 32 27 22 241.26 12 74.00 
21052125611523202317101013 7123  9  7  9  6  4  4  5  3  6 .31  9 75.50 
21052225611613 710 7 7101710 81  5  3  4  3  3  4  6  4  4 .10 12 77.50 
210523256117 310 7 7 7 3 713 57  2  4  3  3  3  2  3  5  3 .10 18 81.00 
21052425611817 3 0 7 0 3 3 3 36  6  2  0  3  0  2  2  2  2 .00 20 74.50 
210525256119 0 3 0 7 710 317 47  0  2  0  3  3  4  2  6  2 .00 27 85.70 
210526256120 71010 723334733170  3  4  4  3  9 18 39 18 12 .73 27 90.30 
2105272561214327372720271710208 32 12 22 12  7 12  6  4 13 .84 27 85.50 
210528256122 7 7 0 3 3 3 0 3 26  3  3  0  2  2  2  0  2  2 .00 19 79.50 
210529256123 0 7 72317132320110  0  3  3  9  6  5  9  7  5 .21  9 78.10 
21053025612413 71013 7 71323 93  5  3  4  5  3  3  5  9  5 .21 18 76.50 
210531256125 7 7 3 0 3 7 0 0 27  3  3  2  0  2  3  0  0  2 .00 20 84.00 
21060125612610 3 3 0 3 0 3 3 25  4  2  2  0  2  0  2  2  2 .00 14 77.30 
210602256127 0 7 0 330171313 83  0  3  0  2 15  6  5  5  4 .21 20 78.50 
2106032562 1201727171013 7 0111  7  6 12  6  4  5  3  0  5 .21 21 77.70 
2106042562 21013 71010 71310 80  4  5  3  4  4  3  5  4  4 .10 23 79.40 
2106052562 3 3 7 7 713 31317 70  2  3  3  3  5  2  5  6  4 .10 26 76.60 
2106062562 42313 7 3 0 71017 80  9  5  3  2  0  3  4  6  4 .10 27 79.70 
2106072562 5 717232027273337191  3  6  9  7 12 12 18 22 11 .63 34 83.20 
2106082562 6202020 7 3 31310 96  7  7  7  3  2  2  5  4  5 .21 25 82.30 
2106092562 7131310 3 0 3 3 3 48  5  5  4  2  0  2  2  2  3 .00 18 81.00 
2106102562 810 3 3 3 7171017 70  4  2  2  2  3  6  4  6  4 .10 19 75.60 
2106112562 92327232023131323165  9 12  9  7  9  5  5  9  8 .42 14 79.70 
2106122562103040131720231313169 15 27  5  6  7  9  5  5 10 .63  5 80.00 
2106132562113027 7 7 3 7 7 7 95 15 12  3  3  2  3  3  3  6 .21 11 71.10 
210614256212 7 7 710 3 71320 74  3  3  3  4  2  3  5  7  4 .10  7 79.30 
2106152562131717131733334340213  6  6  5  6 18 18 32 27 15 .84  7 77.90 
2106162562144030232720272330220 27 15  9 12  7 12  9 15 13 .84  7 77.90 
2106172562151720201013131010113  6  7  7  4  5  5  4  4  5 .21  8 87.70 
2106182562162017201720101313130  7  6  7  6  7  4  5  5  6 .31 13 79.50 
210619256217171010 7 7 7 3 7 68  6  4  4  3  3  3  2  3  4 .10  9 79.60 
210620256218 710 7 3 3 31023 66  3  4  3  2  2  2  4  9  4 .10  9 79.60 
210621256219 7 3 0 710101310 60  3  2  0  3  4  4  5  4  3 .10  9 81.70 
210622256220172313131710 317113  6  9  5  5  6  4  2  6  5 .21  9 83.50 
2106232562212310 7 7 7 3 3 3 63  9  4  3  3  3  2  2  2  4 .10  7 82.30 
210624256222 3 713 710101323 86  2  3  5  3  4  4  5  9  4 .21  7 83.30 
210625256223332013171010 7 7117 18  7  5  6  4  4  3  3  6 .31 16 86.10 
210626256224 7 310131010 3 3 59  3  2  4  5  4  4  2  2  3 .10 12 85.10 
210627256225 7 710 310 31010 60  3  3  4  2  4  2  4  4  3 .10 23 89.90 
21062825622613 3 3 7 7 7 310 53  5  2  2  3  3  3  2  4  3 .10 30 91.60 
21062925622710 3 7 7132020 7 87  4  2  3  3  5  7  7  3  4 .10 37 95.60 
2106302563 1 320233017273337190  2  7  9 15  6 12 18 22 11 .73 36 97.30 
2107012563 2332310 7 3 7 7 7 97 18  9  4  3  2  3  3  3  6 .31 36 97.20 
2107022563 31013171010131010 93  4  5  6  4  4  5  4  4  4 .21 40 98.10 
2107032563 417 713 7 7 7 3 3 64  6  3  5  3  3  3  2  2  3 .10 41 96.80 
2107042563 5 313 7 0 3 7 3 7 43  2  5  3  0  2  3  2  3  2 .00 34 94.10 
2107052563 61713102017132320133  6  5  4  7  6  5  9  7  6 .31 27 92.40 
2107062563 72013231323101310125  7  5  9  5  9  4  5  4  6 .31 31 86.00 
2107072563 8 7132010 7131320103  3  5  7  4  3  5  5  7  5 .21 14 78.60 
2107082563 9171013 3 7 710 3 70  6  4  5  2  3  3  4  2  4 .10 10 75.90 
2107092563102013 713 3 7 313 79  7  5  3  5  2  3  2  5  4 .10  7 76.20 
2107102563112727 7 3 3101320110 12 12  3  2  2  4  5  7  6 .31 12 76.50 
210711256312 7 3 3 7 7 71010 54  3  2  2  3  3  3  4  4  3 .10 15 76.00 
21071225631313 3 7 720232723123  5  2  3  3  7  9 12  9  6 .31 14 74.00 
2107132563142310 7 710 31013 83  9  4  3  3  4  2  4  5  4 .10 14 74.30 
210714256315 0 7102333434030186  0  3  4  9 18 32 27 15 14 .84 18 74.50 
2107152563162023202323203027186  7  9  7  9  9  7 15 12  9 .52 12 75.90 
21071625631717 3 3 3 3 717 7 60  6  2  2  2  2  3  6  3  3 .10 23 77.50 
21071725631813 7 3 71017 7 3 67  5  3  2  3  4  6  3  2  4 .10 31 80.00 
210718256319 3 3 3101010 020 59  2  2  2  4  4  4  0  7  3 .10 31 83.00 
210719256320172027 717132020141  6  7 12  3  6  5  7  7  7 .31 30 85.30 
2107202563212313302013203030179  9  5 15  7  5  7 15 15 10 .52 29 89.80 
210721256322232010132023 7 3119  9  7  4  5  7  9  3  2  6 .31 45 96.50 
2107222563231320333327 7 7 7147  5  7 18 18 12  3  3  3  9 .52 51 91.80 
210723256324 3 71010 7 7 713 64  2  3  4  4  3  3  3  5  3 .10 37 90.20 
210724256325 7131010 3 3 013 59  3  5  4  4  2  2  0  5  3 .10 18 86.50 
210725256326 310 3 7 3 0 013 39  2  4  2  3  2  0  0  5  2 .00 21 84.20 
2107262563271013 7 3 3 01013 59  4  5  3  2  2  0  4  5  3 .10 21 83.40 
2107272564 1 3 31010 7 71030 80  2  2  4  4  3  3  4 15  5 .21 12 82.10 
2107282564 23730272317303313210 22 15 12  9  6 15 18  5 13 .73  3 81.20 
2107292564 31730232010131323149  6 15  9  7  4  5  5  9  8 .42  2 78.10 
2107302564 4 310171720131720117  2  4  6  6  7  5  6  7  5 .21  0 77.80 
2107312564 520132013131313 7112  7  5  7  5  5  5  5  3  5 .21  0 78.20 
2108012564 617 7 3 7101017 7 78  6  3  2  3  4  4  6  3  4 .10  5 77.20 
2108022564 717 7 31727404740198  6  3  2  6 12 27 39 27 15 .94  8 76.80 
2108032564 8372327232310 717167 22  9 12  9  9  4  3  6  9 .52 11 78.10 
2108042564 920131313 313 3 3 81  7  5  5  5  2  5  2  2  4 .10 12 72.80 
210805256410 0 0 0 3 310 7 3 26  0  0  0  2  2  4  3  2  2 .00 16 76.50 
2108062564111020101013202027130  4  7  4  4  5  7  7 12  6 .31  5 76.50 
2108072564122727232730232317197 12 12  9 12 15  9  9  6 10 .63  0 75.80 
21080825641323 7 3 310 71017 80  9  3  2  2  4  3  4  6  4 .10  0 75.50 
21080925641413102013 7 010 7 80  5  4  7  5  3  0  4  3  4 .10  5 75.00 
2108102564152020101323101023129  7  7  4  5  9  4  4  9  6 .31  0 75.30 
2108112564162317201313 0 3 3 92  9  6  7  5  5  0  2  2  4 .21 13 75.80 
210812256417 3 3 7 310101717 70  2  2  3  2  4  4  6  6  4 .10  5 75.60 
210813256418171023231010 310106  6  4  9  9  4  4  2  4  5 .21  5 74.80 
210814256419 7 313 7 313 7 7 60  3  2  5  3  2  5  3  3  3 .10 12 74.50 
2108152564202717331710131730164 12  6 18  6  4  5  6 15  9 .52 15 76.50 
210816256421302313101717 720137 15  9  5  4  6  6  3  7  7 .31 12 76.30 
2108172564221010 7231310 020 93  4  4  3  9  5  4  0  7  4 .21  9 75.00 
21081825642327201013131010 3106 12  7  4  5  5  4  4  2  5 .21  9 77.10 
210819256424 0 7 31313131313 75  0  3  2  5  5  5  5  5  4 .10 15 76.70 
210820256425 0 72320202713 3113  0  3  9  7  7 12  5  2  6 .31  9 79.50 
210821256426 3 3101010 710 3 56  2  2  4  4  4  3  4  2  3 .10 10 78.90 
210822256427 7 7 7 3 7 7 0 0 38  3  3  3  2  3  3  0  0  2 .00 11 78.80 
2108232565 1 3 3 7 0 3 0 313 32  2  2  3  0  2  0  2  5  2 .00 10 79.80 
2108242565 210 3 713 7 71723 87  4  2  3  5  3  3  6  9  4 .21 12 82.60 
2108252565 323303313101710 7143  9 15 18  5  4  6  4  3  8 .42 22 85.40 
2108262565 420201017 7 3 713 97  7  7  4  6  3  2  3  5  5 .21 30 90.50 
2108272565 53010204340333340249 15  4  7 32 27 18 18 27 181.05 46 91.30 
2108282565 647303327132317 3193 39 15 18 12  5  9  6  2 13 .84 48 91.70 
2108292565 72013 7 7 7173327131  7  5  3  3  3  6 18 12  7 .42 32 90.50 
2108302565 81023231317 71027130  4  9  9  5  6  3  4 12  6 .31 26 92.40 
2108312565 9232320 710 7 010100  9  9  7  3  4  3  0  4  5 .21 25 86.00 
21090125651020131017 7 7 313 90  7  5  4  6  3  3  2  5  4 .21 23 85.70 
210902256511 7 7 310101013 0 60  3  3  2  4  4  4  5  0  3 .10 22 87.30 
2109032565121013132723131323135  4  5  5 12  9  5  5  9  7 .31 15 85.30 
21090425651317 71017 7 3 720 88  6  3  4  6  3  2  3  7  4 .10 47 88.00 
210905256514202713101713 010110  7 12  5  4  6  5  0  4  5 .21 52 94.90 
2109062565152027 310 7131020110  7 12  2  4  3  5  4  7  6 .21 58101.10 
210907256516 7 7102013172737138  3  3  4  7  5  6 12 22  8 .42 56102.80 
2109082565174020334030202013216 27  7 18 27 15  7  7  5 14 .84 66101.90 
210909256518 7131010 3 71317 80  3  5  4  4  2  3  5  6  4 .10 66101.10 
210910256519102017 7 7102733131  4  7  6  3  3  4 12 18  7 .42 64 97.60 
21091125652033 71713 7102020127 18  3  6  5  3  4  7  7  7 .31 50 93.00 
2109122565211010132013131020109  4  4  5  7  5  5  4  7  5 .21 34 88.80 
2109132565221010302030231727167  4  4 15  7 15  9  6 12  9 .52 22 84.30 
21091425652320 3102023131710116  7  2  4  7  9  5  6  4  6 .21 15 79.00 
21091525652417201013 7 3 717 94  6  7  4  5  3  2  3  6  4 .21  7 76.10 
210916256525 713 3 0 3 7 710 50  3  5  2  0  2  3  3  4  3 .00  0 74.00 
2109172565262033103323335053255  7 18  4 18  9 18 48 56 221.15  0 74.10 
2109182565273033332317 3 3 7149 15 18 18  9  6  2  2  3  9 .52  0 74.40 
2109192566 110 0 0 310 0 3 0 26  4  0  0  2  4  0  2  0  2 .00  9 75.70 
2109202566 213 3 010 3 0 310 42  5  2  0  4  2  0  2  4  2 .00 30 80.70 
2109212566 323 3 3 310272030119  9  2  2  2  4 12  7 15  7 .31 45 85.50 
2109222566 44027372713 31717181 27 12 22 12  5  2  6  6 12 .73 55 89.20 
2109232566 527303720201713 7171 12 15 22  7  7  6  5  3 10 .52 47 90.20 
2109242566 617201710102310 7114  6  7  6  4  4  9  4  3  5 .21 39 88.90 
2109252566 72027201710101020134  7 12  7  6  4  4  4  7  6 .31 30 88.90 
2109262566 8 7 3 0 0 0 0 3 7 20  3  2  0  0  0  0  2  3  1 .00 33 86.70 
2109272566 923231010 7171023123  9  9  4  4  3  6  4  9  6 .31 30 85.60 
2109282566101320232317203330179  5  7  9  9  6  7 18 15 10 .52 38 89.30 
210929256611 7 0 71317102010 84  3  0  3  5  6  4  7  4  4 .10 48102.00 
21093025661213 3 0 7 7273727121  5  2  0  3  3 12 22 12  7 .42 30 94.80 
21100125661330274033332317 0203 15 12 27 18 18  9  6  0 13 .84 23 90.70 
211002256614 0 01037302310 0110  0  0  4 22 15  9  4  0  7 .31 20 87.10 
211003256615 020102017131020110  0  7  4  7  6  5  4  7  5 .21 16 86.10 
211004256616231710 7 3 7 320 90  9  6  4  3  2  3  2  7  4 .21 21 83.50 
2110052566172327 3 3 7 7 310 83  9 12  2  2  3  3  2  4  5 .21 19 81.70 
21100625661820171320202720 7144  7  6  5  7  7 12  7  3  7 .31 17 84.70 
211007256619 7 7 7 7 713 7 0 55  3  3  3  3  3  5  3  0  3 .10 10 85.60 
2110082566202013 7 0 3 310 3 59  7  5  3  0  2  2  4  2  3 .10 12 92.20 
2110092566211713 71017 7 3 7 81  6  5  3  4  6  3  2  3  4 .10 16 80.80 
211010256622 720102027202047171  3  7  4  7 12  7  7 39 11 .63 26 84.20 
2110112566233333272023103337216 18 18 12  7  9  4 18 22 14 .84 19 88.20 
2110122566245060476043403333366 48 80 39 80 32 27 18 18 431.57 10 83.10 
211013256625332310 0 3 7 3 7 86 18  9  4  0  2  3  2  3  5 .21 12 83.10 
2110142566262020102013172320143  7  7  4  7  5  6  9  7  6 .31 12 82.90 
21101525662720171313 0 0 723 93  7  6  5  5  0  0  3  9  4 .21  7 83.50 
2110162567 133201013 01310 3102 18  7  4  5  0  5  4  2  6 .31  7 77.00 
2110172567 2 310102320233733159  2  4  4  9  7  9 22 18  9 .52  0 76.90 
2110182567 3332317 720132330166 18  9  6  3  7  5  9 15  9 .52 11 75.30 
2110192567 42730171017373717192 12 15  6  4  6 22 22  6 12 .73  7 75.40 
2110202567 51023 7 313131720106  4  9  3  2  5  5  6  7  5 .21  7 75.30 
2110212567 620171313 7171323123  7  6  5  5  3  6  5  9  6 .31 11 81.10 
2110222567 7 7 0 3 313 3 713 49  3  0  2  2  5  2  3  5  3 .00 25 86.00 
2110232567 817 0 0 3 3 010 7 40  6  0  0  2  2  0  4  3  2 .00 34 85.80 
2110242567 91010 310 71310 7 70  4  4  2  4  3  5  4  3  4 .10 25 92.20 
211025256710 71310 3 7271010 87  3  5  4  2  3 12  4  4  5 .21 44 99.40 
2110262567111317 7 7 3 3 323 76  5  6  3  3  2  2  2  9  4 .10 59107.90 
211027256712 7 0 0 310 0 3 3 26  3  0  0  2  4  0  2  2  2 .00 68109.50 
211028256713 3 3 0 0 010 0 3 19  2  2  0  0  0  4  0  2  1 .00 63110.30 
211029256714 3 0 0 0 0 7 713 30  2  0  0  0  0  3  3  5  2 .00 50106.90 
211030256715232327 7 7171740161  9  9 12  3  3  6  6 27  9 .52 50105.70 
2110312567162323 73040233037213  9  9  3 15 27  9 15 22 14 .84 45101.20 
21110125671720271017 7 72733148  7 12  4  6  3  3 12 18  8 .42 36 96.30 
2111022567183347303730172320237 18 39 15 22 15  6  9  7 16 .94 29 95.50 
211103256719271310 310 74063173 12  5  4  2  4  3 27 94 191.05 23 87.60 
2111042567206357707757371720398 94 67132179 67 22  6  7 721.87 18 92.30 
2111052567211333201020373027190  5 18  7  4  7 22 15 12 11 .63 25 91.20 
2111062567224030303313403030246 27 15 15 18  5 27 15 15 17 .94 23 80.60 
2111072567234010 3 3 3 3 3 0 65 27  4  2  2  2  2  2  0  5 .21 19 85.90 
211108256724 0 0 0 710 72030 74  0  0  0  3  4  3  7 15  4 .10 27 86.60 
211109256725201017 7 7 32027111  7  4  6  3  3  2  7 12  6 .21 30 90.30 
2111102567263020201313 713 7123 15  7  7  5  5  3  5  3  6 .31 27 85.80 
211111256727 3 0 7172310 3 3 66  2  0  3  6  9  4  2  2  4 .10 28 82.80 
2111122568 11020 7 0 0 3 0 7 47  4  7  3  0  0  2  0  3  2 .00 25 81.20 
2111132568 2 0 7 0 7 0 3 3 7 27  0  3  0  3  0  2  2  3  2 .00 17 79.30 
2111142568 310 7 0 3 3 3 313 42  4  3  0  2  2  2  2  5  2 .00 14 77.00 
2111152568 4 3 0 3 3 7174043116  2  0  2  2  3  6 27 32  9 .52 16 77.60 
2111162568 53340272720231723210 18 27 12 12  7  9  6  9 12 .73 22 78.40 
2111172568 63723333017202027207 22  9 18 15  6  7  7 12 12 .73 19 77.40 
2111182568 7202310 7 3 7 313 86  7  9  4  3  2  3  2  5  4 .21 15 79.90 
2111192568 813 7 7 317131317 90  5  3  3  2  6  5  5  6  4 .21 15 77.10 
2111202568 92310172023332330179  9  4  6  7  9 18  9 15 10 .52 14 77.70 
2111212568103323172727332027207 18  9  6 12 12 18  7 12 12 .73 14 77.00 
2111222568113030 310 7202323146 15 15  2  4  3  7  9  9  8 .42 16 76.30 
2111232568121723103017272023167  6  9  4 15  6 12  7  9  8 .52 22 77.80 
21112425681317171310 7 7 310 84  6  6  5  4  3  3  2  4  4 .10 25 81.30 
21112525681417231010 7 3 710 87  6  9  4  4  3  2  3  4  4 .21 18 91.20 
211126256815 3 3 7 3 310 0 7 36  2  2  3  2  2  4  0  3  2 .00 27 89.90 
211127256816 0 3 3 3 3 3 330 48  0  2  2  2  2  2  2 15  3 .10 26 89.40 
2111282568173033131710101730160 15 18  5  6  4  4  6 15  9 .52 30 89.70 
21112925681837371010 7102010141 22 22  4  4  3  4  7  4  9 .52 28 87.30 
211130256819 3 0 7 0 3102750100  2  0  3  0  2  4 12 48  9 .52 39 87.50 
2112012568204040302330332733256 27 27 15  9 15 18 12 18 181.05 27 84.00 
2112022568212317301313272320166  9  6 15  5  5 12  9  7  8 .52 24 84.20 
211203256822 7 7 72020273317138  3  3  3  7  7 12 18  6  7 .42 17 82.90 
211204256823332327 3 7102010133 18  9 12  2  3  4  7  4  7 .42 13 85.60 
2112052568241320 31310272727140  5  7  2  5  4 12 12 12  7 .42 18 80.30 
21120625682523 7201317272013140  9  3  7  5  6 12  7  5  7 .31  9 77.60 
2112072568262313 3 0 310 7 7 66  9  5  2  0  2  4  3  3  4 .10  8 76.60 
21120825682710 71713 310 310 73  4  3  6  5  2  4  2  4  4 .10  6 74.60 
2112092569 1 7 7 0 0 7 7 0 0 28  3  3  0  0  3  3  0  0  2 .00  0 74.40 
2112102569 2 0 3 0 3 3 7 717 40  0  2  0  2  2  3  3  6  2 .00  0 73.40 
2112112569 3203310 0 0 0 3 7 73  7 18  4  0  0  0  2  3  4 .10  0 73.90 
2112122569 41013 0 0 01010 7 50  4  5  0  0  0  4  4  3  2 .00  9 77.40 
2112132569 5 3272017 0 0 3 7 77  2 12  7  6  0  0  2  3  4 .10 15 78.20 
2112142569 6171713 710131310100  6  6  5  3  4  5  5  4  5 .21 30 86.20 
2112152569 71023202723331317166  4  9  7 12  9 18  5  6  9 .52 54 99.30 
2112162569 82027302013101720157  7 12 15  7  5  4  6  7  8 .42 68114.20 
2112172569 92010 7 3 3 7 0 7 57  7  4  3  2  2  3  0  3  3 .10 72117.00 
211218256910 7 0 3 7 7101710 61  3  0  2  3  3  4  6  4  3 .10 68117.40 
211219256911 7 0 0 717334050154  3  0  0  3  6 18 27 48 13 .84 75111.60 
2112202569124030233727302030237 27 15  9 22 12 15  7 15 15 .94 82118.80 
2112212569134020171020173013167 27  7  6  4  7  6 15  5 10 .52 73132.20 
2112222569142327232030203027200  9 12  9  7 15  7 15 12 11 .63102135.80 
21122325691523 3 3 7 3 31310 65  9  2  2  3  2  2  5  4  40.10 97125.60
2112242569161010 710 7101723 94  4  4  3  4  3  4  6  9  50.21 79122.10
21122525691717132317271717 3134  6  5  9  6 12  6  6  2  60.31 81126.50
211226256918 7 3 010 0 01310 43  3  2  0  4  0  0  5  4  20.00 63121.20 
2112272569191713232737271710171  6  5  9 12 22 12  6  4 100.52 73119.90 
21122825692027273017132313 3153 12 12 15  6  5  9  5  2  80.42 70116.50 
2112292569211320 71313201323122  5  7  3  5  5  7  5  9  60.31 55107.80 
21123025692230201723201010 7137 15  7  6  9  7  4  4  3  70.31 50 99.00 
211231256923 0 7 7 313101010 60  0  3  3  2  5  4  4  4  30.00 41 98.20 
