2301012583112330202713273740217  9 15  7 12  5 12 22 27 14 .84 76129.00 
2301022583122017101710131730134  7  6  4  6  4  5  6 15  7 .31 70129.00 
23010325831317 310 7 3172330110  6  2  4  3  2  6  9 15  6 .31 68143.60 
23010425831440474730302017 7238 27 39 39 15 15  7  6  3 191.05 66146.00 
230105258315 0 7101327272327134  0  3  4  5 12 12  9 12  7 .42 76149.20 
230106258316 7 3 3 7 7 01013 50  3  2  2  3  3  0  4  5  3 .00 93166.70 
230107258317132713 7 7272010124  5 12  5  3  3 12  7  4  6 .31 90173.00 
23010825831820232317331310 3142  7  9  9  6 18  5  4  2  8 .42 95176.40 
23010925831917 0 310 7132017 87  6  0  2  4  3  5  7  6  4 .10101184.70 
23011025832010 7 7 717301723118  4  3  3  3  6 15  6  9  6 .31133186.60 
2301112583212027201710172023154  7 12  7  6  4  6  7  9  7 .42120188.70 
2301122583223017201717202027168 15  6  7  6  6  7  7 12  8 .42124204.70 
2301132583232313232317103340182  9  5  9  9  6  4 18 27 11 .63126201.70 
23011425832433332317 0 31730156 18 18  9  6  0  2  6 15  9 .52139220.40 
2301152583254740403733373750321 39 27 27 22 18 22 22 48 281.26135226.70 
2301162583264020333030301310206 27  7 18 15 15 15  5  4 13 .84135220.70 
230117258327 3171710 7 0 333 90  2  6  6  4  3  0  2 18  5 .21126214.60 
2301182584 143403327232317 3209 32 27 18 12  9  9  6  2 14 .84130213.20 
2301192584 2 013302723 3 710113  0  5 15 12  9  2  3  4  6 .31144218.90 
2301202584 31310 01317231313102  5  4  0  5  6  9  5  5  5 .21149210.60 
2301212584 42743372023273330240 12 32 22  7  9 12 18 15 16 .94138202.10 
2301222584 52013232017233317166  7  5  9  7  6  9 18  6  8 .52113192.30 
2301232584 6 717101027201323127  3  6  4  4 12  7  5  9  6 .31121183.20 
2301242584 713 7 7171010 7 3 74  5  3  3  6  4  4  3  2  4 .10108174.60 
2301252584 8 3 3 72027231313109  2  2  3  7 12  9  5  5  6 .31 97166.50 
2301262584 91330302327272310183  5 15 15  9 12 12  9  4 10 .63 78146.00 
23012725841010 3172327271723147  4  2  6  9 12 12  6  9  8 .42 58140.50 
2301282584113027201027232713177 15 12  7  4 12  9 12  5 10 .52 54133.40 
230129258412 7 320101020 717 94  3  2  7  4  4  7  3  6  4 .21 58132.90 
23013025841310 0 310 3 31027 66  4  0  2  4  2  2  4 12  4 .10 50131.90 
230131258414 7202720 7332317154  3  7 12  7  3 18  9  6  8 .42 53132.90 
23020125841510 7 3 7 7132727101  4  3  2  3  3  5 12 12  6 .21 50129.60 
2302022584163317 3 7 3 0 3 7 73 18  6  2  3  2  0  2  3  4 .21 48131.00 
2302032584172317 3 317302717137  9  6  2  2  6 15 12  6  7 .42 46130.70 
230204258418273010 71010 010104 12 15  4  3  4  4  0  4  6 .31 54135.10 
230205258419 320 310 7101713 83  2  7  2  4  3  4  6  5  4 .10 57140.00 
2302062584203333303327233740256 18 18 15 18 12  9 22 27 17 .94 82152.40 
2302072584214040333730302730267 27 27 18 22 15 15 12 15 191.05 81179.70 
2302082584223033304033303330259 15 18 15 27 18 15 18 15 181.05 97192.30 
2302092584233040303023333343262 15 27 15 15  9 18 18 32 191.05105209.10 
2302102584244027232730203037234 27 12  9 12 15  7 15 22 15 .84126202.30 
23021125842533331727201010 7157 18 18  6 12  7  4  4  3  9 .52128204.10 
2302122584261720172313132320146  6  7  6  9  5  5  9  7  7 .31124194.60 
23021325842710 0 7 7201010 7 71  4  0  3  3  7  4  4  3  4 .10135184.40 
2302142585 123 7272010101023130  9  3 12  7  4  4  4  9  6 .31122175.30 
2302152585 23040534330403343312 15 27 56 32 15 27 18 32 281.26 99169.50 
2302162585 32730504343431720273 12 15 48 32 32 32  6  7 231.15 75159.20 
2302172585 41730201313 713 3116  6 15  7  5  5  3  5  2  6 .31 64335.00 
2302182585 51020 71320102020120  4  7  3  5  7  4  7  7  6 .21 81163.30 
2302192585 630 7131020131713123 15  3  5  4  7  5  6  5  6 .31 81165.20 
2302202585 7 3 3202723202320139  2  2  7 12  9  7  9  7  7 .31 88156.30 
2302212585 83333334037171010213 18 18 18 27 22  6  4  4 15 .84 77157.40 
2302222585 917 3132020202023136  6  2  5  7  7  7  7  9  6 .31 75148.60 
2302232585104340302727403737281 32 27 15 12 12 27 22 22 211.15 75145.10 
2302242585112710201317 3 0 3 93 12  4  7  5  6  2  0  2  5 .21 86160.70 
23022525851210 7172017333033167  4  3  6  7  6 18 15 18 10 .52 97273.70 
2302262585133327333330175057280 18 12 18 18 15  6 48 67 251.26 97155.90 
2302272585145060676763676357494 48 80111111 94111 94 67 901.87 98158.10 
2302282585155747333320134043286 67 39 18 18  7  5 27 32 271.26 75157.90 
23030125851633101330 7132020146 18  4  5 15  3  5  7  7  8 .42 63159.00 
2303022585171013172013172737154  4  5  6  7  5  6 12 22  8 .52 69165.80 
2303032585184037333737174043284 27 22 18 22 22  6 27 32 221.15 84187.50 
2303042585193330303320233040239 18 15 15 18  7  9 15 27 16 .94 85178.60 
2303052585203333402740334337286 18 18 27 12 27 18 32 22 221.15107176.80 
2303062585214030272327302737241 27 15 12  9 12 15 12 22 16 .94133185.00 
23030725852227303030201010 7164 12 15 15 15  7  4  4  3  9 .52123177.50 
2303082585231017201710133027144  4  6  7  6  4  5 15 12  7 .42106179.20 
2303092585242037403730272323237  7 22 27 22 15 12  9  9 15 .94108176.20 
230310258525332017 3 7272030157 18  7  6  2  3 12  7 15  9 .52 97168.80 
230311258526302013 3 7 31727120 15  7  5  2  3  2  6 12  6 .31 98155.30 
23031225852727203023 7 3 7 7124 12  7 15  9  3  2  3  3  7 .31 91148.10 
2303132586 1 7 0 3 3 313 3 7 39  3  0  2  2  2  5  2  3  2 .00 70141.50 
2303142586 22337333330302743256  9 22 18 18 15 15 12 32 181.05 76136.90 
2303152586 33753434027172057294 22 56 32 27 12  6  7 67 291.36 73134.20 
2303162586 44027 710 0 3 7 3 97 27 12  3  4  0  2  3  2  7 .31 65133.90 
2303172586 5 313172720 3 320106  2  5  6 12  7  2  2  7  5 .21 50132.90 
2303182586 62323172320132010149  9  9  6  9  7  5  7  4  7 .42 30139.00 
2303192586 71727231313233017163  6 12  9  5  5  9 15  6  8 .52 50141.40 
2303202586 830 7 72037401727185 15  3  3  7 22 27  6 12 12 .73 55154.80 
2303212586 92710172010231323143 12  4  6  7  4  9  5  9  7 .42 66150.40 
23032225861040372733232730 7224 27 22 12 18  9 12 15  3 15 .84 68157.70 
2303232586111320274770506373363  5  7 12 39132 48 94154 611.77 78150.00 
2303242586127377634323334743402154179 94 32  9 18 39 32 701.77102156.60 
2303252586133023373727202323220 15  9 22 22 12  7  9  9 13 .84104159.40 
230326258614272717 7 7103017142 12 12  6  3  3  4 15  6  8 .42103158.60 
230327258615 3 3 3 0 3 31013 38  2  2  2  0  2  2  4  5  2 .00108157.50 
23032825861617 7 7 71710 713 85  6  3  3  3  6  4  3  5  4 .10 99158.10 
2303292586172310 3 717101317100  9  4  2  3  6  4  5  6  5 .21108147.30 
2303302586183327233027374727251 18 12  9 15 12 22 39 12 17 .94 75140.00 
2303312586194047303723203337267 27 39 15 22  9  7 18 22 201.05 57129.00 
2304012586202310173733333037220  9  4  6 22 18 18 15 22 14 .84 32125.10 
2304022586213737303023 32030210 22 22 15 15  9  2  7 15 13 .84 31126.70 
2304032586223713172027273330204 22  5  6  7 12 12 18 15 12 .73 43133.50 
2304042586233737232320102730207 22 22  9  9  7  4 12 15 12 .73 48135.70 
2304052586243320172030272723197 18  7  6  7 15 12 12  9 11 .63 39136.70 
2304062586251713102320103020143  6  5  4  9  7  4 15  7  7 .42 32137.20 
2304072586263027171717 31320144 15 12  6  6  6  2  5  7  7 .42 30136.60 
230408258627132313 7 710 320 96  5  9  5  3  3  4  2  7  5 .21 31136.20 
2304092587 13010101010131317113 15  4  4  4  4  5  5  6  6 .31 41140.70 
2304102587 23033333027301317213 15 18 18 15 12 15  5  6 13 .73 61140.30 
2304112587 3 31027 7 71317 3 87  2  4 12  3  3  5  6  2  5 .21 74144.00 
2304122587 4 0 010 313 7 310 46  0  0  4  2  5  3  2  4  2 .00 93154.70 
2304132587 52317 3 0 3201320 99  9  6  2  0  2  7  5  7  5 .21 97160.40 
2304142587 617 013202320 723123  6  0  5  7  9  7  3  9  6 .31113172.30 
2304152587 72713232020131320149 12  5  9  7  7  5  5  7  7 .42123176.90 
2304162587 8 7 7171010 3 7 7 68  3  3  6  4  4  2  3  3  4 .10135179.10 
2304172587 9131013171017 313 96  5  4  5  6  4  6  2  5  5 .21105167.80 
230418258710 3 7 7 737473730175  2  3  3  3 22 39 22 15 14 .84 97154.40 
23041925871123101333402310 7159  9  4  5 18 27  9  4  3 10 .63 75148.30 
230420258712 7 7 7 710201017 85  3  3  3  3  4  7  4  6  4 .10 73148.40 
2304212587132313101717233023156  9  5  4  6  6  9 15  9  8 .42 76152.70 
230422258714202313 3 3131323111  7  9  5  2  2  5  5  9  6 .21 75142.70 
2304232587152317173347538073343  9  6  6 18 39 56207154 621.77 60136.70 
2304242587166780675037272030378111207111 48 22 12  7 15 671.77 54135.50 
23042525871717 3 7 727233023137  6  2  3  3 12  9 15  9  7 .42 58132.30 
2304262587183033202733303330236 15 18  7 12 18 15 18 15 15 .84 67138.20 
2304272587194343333337403033292 32 32 18 18 22 27 15 18 231.15 83142.60 
2304282587203340272730403033260 18 27 12 12 15 27 15 18 181.05 76151.80 
2304292587213333374037373023270 18 18 22 27 22 22 15  9 191.05 75158.00 
230430258722303330132017 710160 15 18 15  5  7  6  3  4  9 .52 70155.80 
2305012587232713231313202333165 12  5  9  5  5  7  9 18  9 .52 71150.10 
2305022587243030202710 71310147 15 15  7 12  4  3  5  4  8 .42 82159.20 
230503258725 0 0 3 3 7 7 717 44  0  0  2  2  3  3  3  6  2 .00 83158.70 
230504258726171320 3 3171023106  6  5  7  2  2  6  4  9  5 .21 93164.70 
2305052587271710 7 7 3 3 710 64  6  4  3  3  2  2  3  4  3 .10 77164.70 
2305062588 15063374737233020307 48 94 22 39 22  9 15  7 321.36 81154.50 
2305072588 21017201323401723163  4  6  7  5  9 27  6  9  9 .52 89160.00 
2305082588 34720171333372737231 39  7  6  5 18 22 12 22 16 .94 89175.10 
2305092588 44027101320201743190 27 12  4  5  7  7  6 32 12 .73122198.40 
2305102588 54053234047331723276 27 56  9 27 39 18  6  9 241.26114173.40 
2305112588 62727171313131727154 12 12  6  5  5  5  6 12  8 .42106166.70 
2305122588 72333332753332323248  9 18 18 12 56 18  9  9 191.05 93152.20 
2305132588 8232020 717233740187  9  7  7  3  6  9 22 27 11 .63 91146.80 
2305142588 91017101020272723144  4  6  4  4  7 12 12  9  7 .42 90142.70 
23051525881010 3 3 310133013 85  4  2  2  2  4  5 15  5  5 .21 73137.40 
230516258811232327 713131317136  9  9 12  3  5  5  5  6  7 .31 69137.30 
2305172588121010 3 7 7 7 7 3 54  4  4  2  3  3  3  3  2  3 .10 70141.00 
230518258813 7 7 3 3 3 0 7 3 33  3  3  2  2  2  0  3  2  2 .00 81154.10 
230519258814 7 7 7 710172337115  3  3  3  3  4  6  9 22  7 .31 93168.50 
2305202588156057504330333337343 80 67 48 32 15 18 18 22 37 .00 96154.53 
2305222588174733303023304043276 39 18 15 15  9 15 27 32 211.15 90165.50 
23052325881827302720 7133337194 12 15 12  7  3  5 18 22 12 .73 85158.80 
2305242588192027132027233027187  7 12  5  7 12  9 15 12 10 .63100168.20 
2305252588203027303020173020204 15 12 15 15  7  6 15  7 12 .73102156.00 
230526258821202013 710131017110  7  7  5  3  4  5  4  6  5 .21 99152.90 
230527258822 710 7 7 3 3 723 67  3  4  3  3  2  2  3  9  4 .10 95161.10 
2305282588232730232030131717177 12 15  9  7 15  5  6  6  9 .52102155.40 
230529258824 7 3 7 7 7101313 67  3  2  3  3  3  4  5  5  4 .10108158.60 
23053025882510 3 710 7 71023 77  4  2  3  4  3  3  4  9  4 .10111166.50 
2305312588262313231323202727169  9  5  9  5  9  7 12 12  8 .52118165.90 
2306012588273723332030232020206 22  9 18  7 15  9  7  7 12 .73100168.50 
2306022589 1231717 7 7 3 717 98  9  6  6  3  3  2  3  6  5 .21 94166.90 
2306032589 2131010 7 3 0 720 70  5  4  4  3  2  0  3  7  4 .10 94169.30 
2306042589 32013232713173720170  7  5  9 12  5  6 22  7  9 .52 97173.20 
2306052589 4 7101017 3 31717 84  3  4  4  6  2  2  6  6  4 .10102174.10 
2306062589 52720101717 7 7 7112 12  7  4  6  6  3  3  3  6 .21126176.90 
2306072589 6 7 3 010 7 3 720 57  3  2  0  4  3  2  3  7  3 .10133172.10 
2306082589 717131013171010 3 93  6  5  4  5  6  4  4  2  4 .21118173.60 
2306092589 810 7 3 0 0101710 57  4  3  2  0  0  4  6  4  3 .10113169.30 
2306102589 9 7 3 31310131010 69  3  2  2  5  4  5  4  4  4 .10 99166.10 
2306112589102327201720271317164  9 12  7  6  7 12  5  6  8 .42100158.60 
2306122589111010131323201313115  4  4  5  5  9  7  5  5  6 .21 81150.70 
230613258912101013171323 710103  4  4  5  6  5  9  3  4  5 .21 59150.90 
23061425891327 7 7 3 3 7 0 7 61 12  3  3  2  2  3  0  3  4 .10 79148.00 
2306152589141313132043474353245  5  5  5  7 32 39 32 56 231.15 82157.90 
2306162589155060435040272733330 48 80 32 48 27 12 12 18 351.46 88162.20 
2306172589162320201717202017154  9  7  7  6  6  7  7  6  7 .31 87163.20 
2306182589172720132017172720161 12  7  5  7  6  6 12  7  8 .42108169.40 
2306192589182317171320273030177  9  6  6  5  7 12 15 15  9 .52124174.30 
2306202589192720101723231727164 12  7  4  6  9  9  6 12  8 .42142186.00 
230621258920232010 710 71330120  9  7  4  3  4  3  5 15  6 .31151182.20 
230622258921 717232323172323156  3  6  9  9  9  6  9  9  8 .42160178.80 
2306232589222320132323232723175  9  7  5  9  9  9 12  9  9 .52153175.20 
2306242589231330272327273340220  5 15 12  9 12 12 18 27 14 .84148166.10 
2306252589245023171023273727214 48  9  6  4  9 12 22 12 15 .94134159.90 
2306262589252327202027272030194  9 12  7  7 12 12  7 15 10 .63113162.90 
2306272589262020232017171323153  7  7  9  7  6  6  5  9  7 .42107156.20 
2306282589272323172017101723150  9  9  6  7  6  4  6  9  7 .42 90160.10 
2306292590 12733303017403340250 12 18 15 15  6 27 18 27 17 .94 73167.60 
2306302590 2301320202717 3 0130 15  5  7  7 12  6  2  0  7 .31 74163.90 
2307012590 32020 7101010 717101  7  7  3  4  4  4  3  6  5 .21 90171.00 
2307022590 41017 7131310 010 80  4  6  3  5  5  4  0  4  4 .10101175.90 
2307032590 51310 7101010 713 80  5  4  3  4  4  4  3  5  4 .10106179.00 
2307042590 610101010 7 7 7 7 68  4  4  4  4  3  3  3  3  4 .10 94172.80 
2307052590 71010 3 313231727106  4  4  2  2  5  9  6 12  6 .21 94159.80 
2307062590 82320173330202027190  9  7  6 18 15  7  7 12 10 .63100162.90 
2307072590 93027334030233733253 15 12 18 27 15  9 22 18 17 .94104166.80 
23070825901037171310 3 713 7107 22  6  5  4  2  3  5  3  6 .31116165.90 
230709259011 0 3 3101010 710 53  0  2  2  4  4  4  3  4  3 .10125185.20 
2307102590121313 710101013 7 83  5  5  3  4  4  4  5  3  4 .10134196.90 
2307112590131710231017201717131  6  4  9  4  6  7  6  6  6 .31147220.60 
2307122590142313131013172313125  9  5  5  4  5  6  9  5  6 .31137199.70 
230713259015201013 713272020130  7  4  5  3  5 12  7  7  6 .31103209.70 
2307142590163037332027404737271 15 22 18  7 12 27 39 22 201.05105186.60 
2307152590172717133023 7 710134 12  6  5 15  9  3  3  4  7 .42 93184.50 
230716259018 7 7 3 3 7 73043107  3  3  2  2  3  3 15 32  8 .42111190.40 
2307172590192717374330174043254 12  6 22 32 15  6 27 32 191.05110185.90 
2307182590204327231333103717203 32 12  9  5 18  4 22  6 14 .84115225.70 
230719259021 710131013 7 7 7 74  3  4  5  4  5  3  3  3  4 .10114195.10 
23072025902210 710 313403720140  4  3  4  2  5 27 22  7  9 .52117190.30 
2307212590232733201310202343189 12 18  7  5  4  7  9 32 12 .73 96178.50 
2307222590243327232013 31017146 18 12  9  7  5  2  4  6  8 .42 94180.00 
230723259025 3 7131013232020109  2  3  5  4  5  9  7  7  5 .21 95178.00 
2307242590262313 71017 71723117  9  5  3  4  6  3  6  9  6 .31 95170.30 
23072525902710 717 717132043134  4  3  6  3  6  5  7 32  8 .42 93174.40 
2307262591 13347403733232323259 18 39 27 22 18  9  9  9 191.05103172.60 
2307272591 22013131710171713120  7  5  5  6  4  6  6  5  6 .21 98170.50 
2307282591 3 3 0 3 720132727100  2  0  2  3  7  5 12 12  5 .21115173.40 
2307292591 42323 31030302020159  9  9  2  4 15 15  7  7  8 .52124184.10 
2307302591 51027172323202317160  4 12  6  9  9  7  9  6  8 .42126179.70 
2307312591 6101017171723 713114  4  4  6  6  6  9  3  5  5 .21124182.40 
2308012591 72017 71330272020154  7  6  3  5 15 12  7  7  8 .42128179.90 
2308022591 81713103043371713180  6  5  4 15 32 22  6  5 12 .73113178.10 
2308032591 9171713231713 3 3106  6  6  5  9  6  5  2  2  5 .21101167.70 
230804259110 010131323404040179  0  4  5  5  9 27 27 27 13 .73 93175.80 
230805259111536353503017 710283 56 94 56 48 15  6  3  4 351.46 85180.80 
230806259112 3 7 0 0 01010 7 37  2  3  0  0  0  4  4  3  2 .00 79178.50 
2308072591132720 71023132737164 12  7  3  4  9  5 12 22  9 .52 86174.50 
2308082591143717 71010171713128 22  6  3  4  4  6  6  5  7 .42 86163.40 
2308092591152010171320131323129  7  4  6  5  7  5  5  9  6 .31 72157.70 
2308102591162020101013271317130  7  7  4  4  5 12  5  6  6 .31 78160.00 
23081125911713 7 7 710101310 77  5  3  3  3  4  4  5  4  4 .10 75157.00 
2308122591181723201013132017133  6  9  7  4  5  5  7  6  6 .31 55152.20 
2308132591192013 7 710 7 713 84  7  5  3  3  4  3  3  5  4 .10 70154.40 
23081425912017 7 3 713 71313 80  6  3  2  3  5  3  5  5  4 .10 80158.10 
23081525912110 3 3 7 7 3 713 53  4  2  2  3  3  2  3  5  3 .10 87162.10 
2308162591222010 31330301313132  7  4  2  5 15 15  5  5  7 .42103164.20 
230817259123271720 317201710131 12  6  7  2  6  7  6  4  6 .31103155.70 
2308182591242023333013232730199  7  9 18 15  5  9 12 15 11 .63 86154.40 
2308192591252313 71313103020129  9  5  3  5  5  4 15  7  7 .31 93154.30 
2308202591263330132013101723159 18 15  5  7  5  4  6  9  9 .52 73149.80 
2308212591272017302327101713157  7  6 15  9 12  4  6  5  8 .42 75152.20 
2308222592 12333201010 7 713123  9 18  7  4  4  3  3  5  7 .31 82154.40 
2308232592 213 7 0 3 3 0 717 50  5  3  0  2  2  0  3  6  3 .00 72150.30 
2308242592 3 3 7 7 317303030127  2  3  3  2  6 15 15 15  8 .42 63147.30 
2308252592 420 7 3 3 71010 7 67  7  3  2  2  3  4  4  3  4 .10 61141.90 
2308262592 51320231017171320133  5  7  9  4  6  6  5  7  6 .31 61142.20 
2308272592 6373323 713202013166 22 18  9  3  5  7  7  5 10 .52 56144.50 
2308282592 713201717101320 7117  5  7  6  6  4  5  7  3  5 .21 59144.50 
2308292592 8 0 0 01717 7 723 71  0  0  0  6  6  3  3  9  3 .10 61145.00 
2308302592 920 71013201017 7104  7  3  4  5  7  4  6  3  5 .21 74141.20 
23083125921010171717 3132013110  4  6  6  6  2  5  7  5  5 .21 63142.50 
2309012592112730232737232313203 12 15  9 12 22  9  9  5 12 .73 61138.30 
2309022592123340475047404757361 18 27 39 48 39 27 39 67 381.46 61133.60 
2309032592135337473333301330276 56 22 39 18 18 15  5 15 241.15 65132.80 
230904259214272310 7132320 7130 12  9  4  3  5  9  7  3  6 .31 75138.40 
23090525921510 7 71017374020148  4  3  3  4  6 22 27  7 10 .52 86145.20 
230906259216171023 73323 7 7127  6  4  9  3 18  9  3  3  7 .31 92149.40 
23090725921720 7 7 717101023101  7  3  3  3  6  4  4  9  5 .21 97163.30 
2309082592183013 0 3132313 7102 15  5  0  2  5  9  5  3  6 .21 87163.40 
230909259219301313232320 3 3128 15  5  5  9  9  7  2  2  7 .31 99163.70 
23091025922013 0 0 3 010 710 43  5  0  0  2  0  4  3  4  2 .00134166.20 
2309112592211317101313101320109  5  6  4  5  5  4  5  7  5 .21147178.80 
23091225922210 3 73053534040236  4  2  3 15 56 56 27 27 241.15112155.50 
2309132592235037202730331730244 48 22  7 12 15 18  6 15 181.05 97144.40 
2309142592244327271713234043233 32 12 12  6  5  9 27 32 17 .94 99146.90 
2309152592252020 7 317171023117  7  7  3  2  6  6  4  9  6 .21 85140.60 
23091625922613 3 7 7 3173027107  5  2  3  3  2  6 15 12  6 .31 66141.90 
2309172592273333273027233330236 18 18 12 15 12  9 18 15 15 .84 67146.10 
2309182593 14340331743475040313 32 27 18  6 32 39 48 27 291.36 90156.00 
2309192593 25763434057503727374 67 94 32 27 67 48 22 12 461.57113167.60 
2309202593 33733372723203333243 22 18 22 12  9  7 18 18 16 .94124156.80 
2309212593 42723231720231327173 12  9  9  6  7  9  5 12  9 .52138169.40 
2309222593 52013232320301323165  7  5  9  9  7 15  5  9  8 .42153177.00 
2309232593 62727132320132027170 12 12  5  9  7  5  7 12  9 .52145174.10 
2309242593 723132017 7105757204  9  5  7  6  3  4 67 67 211.15132174.80 
2309252593 85747403333272320280 67 39 27 18 18 12  9  7 251.26126171.10 
2309262593 93340474750333333316 18 27 39 39 48 18 18 18 281.26104165.70 
23092725931037333333273023 7223 22 18 18 18 12 15  9  3 14 .84 98156.70 
2309282593112030 710 7 3 020 97  7 15  3  4  3  2  0  7  5 .21 86148.40 
230929259312202737402710 710178  7 12 22 27 12  4  3  4 11 .73 79155.50 
2309302593131723232320202320169  6  9  9  9  7  7  9  7  8 .42 87159.50 
2310012593144020231320 71717157 27  7  9  5  7  3  6  6  9 .52107161.50 
2310022593153033101317131323152 15 18  4  5  6  5  5  9  8 .52121157.70 
2310032593161023131020202020136  4  9  5  4  7  7  7  7  6 .31106153.80 
2310042593173023232017132037183 15  9  9  7  6  5  7 22 10 .63110155.10 
2310052593184350233017 7 723200 32 48  9 15  6  3  3  9 16 .94117156.10 
2310062593192023201710131030143  7  9  7  6  4  5  4 15  7 .42105155.30 
231007259320101310 3 3 31713 72  4  5  4  2  2  2  6  5  4 .10 88157.00 
23100825932120172017 3101023120  7  6  7  6  2  4  4  9  6 .31104156.80 
2310092593222317131017233013146  9  6  5  4  6  9 15  5  7 .42115165.20 
231010259323101710 7 3 0 0 3 50  4  6  4  3  2  0  0  2  3 .00 93163.90 
231011259324 3 3 7 7 7 0 310 40  2  2  3  3  3  0  2  4  2 .00 99157.50 
23101225932510 3 3 3 0 3 3 7 32  4  2  2  2  0  2  2  3  2 .00 98156.40 
2310132593261030332730372320210  4 15 18 12 15 22  9  7 13 .73 78148.40 
23101425932717101320 7 72713114  6  4  5  7  3  3 12  5  6 .31 77147.40 
2310152594 1 3 0 3 7 3 71017 50  2  0  2  3  2  3  4  6  3 .00 70143.80 
2310162594 217 0 7 313 0 0 0 40  6  0  3  2  5  0  0  0  2 .00 66143.10 
2310172594 3 3 0 3 3 0 7 010 26  2  0  2  2  0  3  0  4  2 .00 49136.40 
2310182594 4 323132730272323169  2  9  5 12 15 12  9  9  9 .52 45134.30 
2310192594 527371323132017 7157 12 22  5  9  5  7  6  3  9 .52 38127.70 
2310202594 61017132020132330146  4  6  5  7  7  5  9 15  7 .42 45124.60 
2310212594 74350502723301313249 32 48 48 12  9 15  5  5 221.15 50121.40 
2310222594 82013171713133313139  7  5  6  6  5  5 18  5  7 .42 36117.60 
2310232594 9 3 0 3 0 7 3 3 3 22  2  0  2  0  3  2  2  2  2 .00 21120.80 
231024259410 3 01010 7101010 60  2  0  4  4  3  4  4  4  3 .10 26119.80 
231025259411 7 0 0 3 7 71017 51  3  0  0  2  3  3  4  6  3 .00 21124.40 
2310262594122727233740304347274 12 12  9 22 27 15 32 39 211.15 37124.90 
2310272594133040272013131310166 15 27 12  7  5  5  5  4 10 .63 43125.90 
231028259414 733303740302737241  3 18 15 22 27 15 12 22 17 .94 39126.30 
2310292594154740434037373037311 39 27 32 27 22 22 15 22 261.26 43133.30 
2310302594164023103030102020183 27  9  4 15 15  4  7  7 11 .63 52137.70 
2310312594172320202323101017146  9  7  7  9  9  4  4  6  7 .31 62145.10 
2311012594182027202723201317167  7 12  7 12  9  7  5  6  8 .42 86156.20 
2311022594192023131317131010119  7  9  5  5  6  5  4  4  6 .31 91155.90 
23110325942010 71010 7 0 0 3 47  4  3  4  4  3  0  0  2  2 .00 91153.60 
23110425942110 7 7 717234743161  4  3  3  3  6  9 39 32 12 .73 70152.70 
2311052594222720236063706750380 12  7  9 80 94132111 48 621.77 70152.20 
2311062594234357474327375047351 32 67 39 32 12 22 48 39 361.46 51143.60 
2311072594245037232327333027250 48 22  9  9 12 18 15 12 181.05 56142.50 
2311082594252340333313204030232  9 27 18 18  5  7 27 15 16 .94 79143.10 
2311092594262727302017173027195 12 12 15  7  6  6 15 12 11 .63 73136.10 
2311102594272333231720131020159  9 18  9  6  7  5  4  7  8 .42 69141.10 
2311112595 1131317 7 7 3 7 7 74  5  5  6  3  3  2  3  3  4 .10 62138.70 
2311122595 2 710402720131027154  3  4 27 12  7  5  4 12  9 .52 62134.40 
2311132595 35037101730231710194 48 22  4  6 15  9  6  4 14 .84 51130.00 
2311142595 420 7 0 7102720 7 98  7  3  0  3  4 12  7  3  5 .21 41121.20 
2311152595 52720231730303323203 12  7  9  6 15 15 18  9 11 .73 25116.40 
2311162595 61710232020201323146  6  4  9  7  7  7  5  9  7 .31 23115.30 
2311172595 7 3 0 0 7 31310 3 39  2  0  0  3  2  5  4  2  2 .00 18116.90 
2311182595 8 3 3 0 0 0 0 713 26  2  2  0  0  0  0  3  5  2 .00 22124.20 
2311192595 9 7 31013 3 01010 56  3  2  4  5  2  0  4  4  3 .10 45136.80 
231120259510 7 713171310 710 84  3  3  5  6  5  4  3  4  4 .10 68152.80 
2311212595111727433730333040257  6 12 32 22 15 18 15 27 181.05111167.30 
2311222595124050504033434027323 27 48 48 27 18 32 27 12 301.36115184.80 
2311232595132727271010 0 3 3107 12 12 12  4  4  0  2  2  6 .31131189.30 
2311242595142013101320172727147  7  5  4  5  7  6 12 12  7 .42121173.50 
2311252595153033434747476340350 15 18 32 39 39 39 94 27 381.46127171.90 
2311262595164327301717 01017161 32 12 15  6  6  0  4  6 10 .63129175.50 
2311272595171713171720231320140  6  5  6  6  7  9  5  7  6 .31115182.30 
2311282595181320202013201713136  5  7  7  7  5  7  6  5  6 .31102247.80 
2311292595191017131010 320 7 90  4  6  5  4  4  2  7  3  4 .21117166.00 
231130259520172010 713 313 0 83  6  7  4  3  5  2  5  0  4 .10116162.00 
2312012595214337406757475050391 32 22 27111 67 39 48 48 491.67 92157.60 
231202259522534013 7 313 713149 56 27  5  3  2  5  3  5 13 .84 70144.00 
2312032595232330231723332017186  9 15  9  6  9 18  7  6 10 .63 75135.20 
2312042595242327302727171310174  9 12 15 12 12  6  5  4  9 .52 79133.90 
2312052595253033273030302330233 15 18 12 15 15 15  9 15 14 .84 91137.50 
2312062595262727272327302017198 12 12 12  9 12 15  7  6 11 .63102126.10 
23120725952710101010 3 71723 90  4  4  4  4  2  3  6  9  4 .21 91130.60 
2312082596 113 3 7 7 3132013 79  5  2  3  3  2  5  7  5  4 .10 81128.60 
2312092596 2 0 010 0 0 3 3 0 16  0  0  4  0  0  2  2  0  1 .00 97124.10 
2312102596 3 710 7 3 3 71710 64  3  4  3  2  2  3  6  4  3 .10 92122.80 
2312112596 4 0 7 0 0 3 0 0 0 10  0  3  0  0  2  0  0  0  1 .00 63122.10 
2312122596 5 013 7 730332010120  0  5  3  3 15 18  7  4  7 .31 78122.30 
2312132596 6 720131310272327140  3  7  5  5  4 12  9 12  7 .42 84130.70 
2312142596 74040303727171023224 27 27 15 22 12  6  4  9 15 .94 84150.30 
2312152596 817 3 73030303030177  6  2  3 15 15 15 15 15 11 .63 82139.80 
2312162596 93337203333333033252 18 22  7 18 18 18 15 18 16 .00 83140.27 
