1601012488195747473013 71717235 67 39 39 15  5  3  6  6 221.15 25 95.10 
1601022488203023272317171313163 15  9 12  9  6  6  5  5  80.52 27 96.60 
160103248821 713201010171027114  3  5  7  4  4  6  4 12  60.31 35 98.50 
160104248822 31313 7 31713 7 76  2  5  5  3  2  6  5  3  40.10 48 92.20 
160105248823 3131317 7172017107  2  5  5  6  3  6  7  6  50.21 24 92.10 
1601062488244727273027232330234 39 12 12 15 12  9  9 15 150.94 21 96.90 
16010724882537272333272717 7198 22 12  9 18 12 12  6  3 120.73 42 99.90 
160108248826 717132327 71313120  3  6  5  9 12  3  5  5  60.31 59104.90 
16010924882717 7101013131010 90  6  3  4  4  5  5  4  4  40.21 67103.50 
1601102489 12313102317132020139  9  5  4  9  6  5  7  7  60.31 62105.40 
1601112489 21327231317273737194  5 12  9  5  6 12 22 22 120.73 32104.50 
1601122489 33320271720172730191 18  7 12  6  7  6 12 15 100.63 27102.00 
1601132489 43737201723202710191 22 22  7  6  9  7 12  4 110.63 26100.70 
1601142489 51320232313171327149  5  7  9  9  5  6  5 12  70.42 28 99.90 
1601152489 617201010 3 71010 87  6  7  4  4  2  3  4  4  40.10 31100.10 
1601162489 7 3 7 71010 3 3 3 46  2  3  3  4  4  2  2  2  30.00 30 96.70 
1601172489 8 3 013 7 7 7 7 3 47  2  0  5  3  3  3  3  2  30.00 40 97.40 
1601182489 9 3 0 0 3 713 727 60  2  0  0  2  3  5  3 12  30.10 37 97.40 
160119248910432723271013 713163 32 12  9 12  4  5  3  5 100.63 45 94.40 
1601202489111023304043474340276  4  9 15 27 32 39 32 27 231.15 43 97.20 
1601212489123757473027373743315 22 67 39 15 12 22 22 32 291.36 44100.70 
1601222489133333302717132723203 18 18 15 12  6  5 12  9 120.73 46 97.30 
1601232489141730371727302010188  6 15 22  6 12 15  7  4 110.63 43 95.80 
160124248915272317 713233713160 12  9  6  3  5  9 22  5  90.52 33100.60 
160125248916 7 3 7 0 0 0 0 0 17  3  2  3  0  0  0  0  0  10.00 46104.30 
160126248917 7 3 710 7101710 71  3  2  3  4  3  4  6  4  40.10 48111.30 
16012724891813231013 7 7 3 7 83  5  9  4  5  3  3  2  3  40.10 57109.30 
160128248919 7 3232310101013 99  3  2  9  9  4  4  4  5  50.21 53106.60 
160129248920 71310 7 7 7 7 7 65  3  5  4  3  3  3  3  3  30.10 44103.70 
160130248921 3 0 3 3 0 3 310 25  2  0  2  2  0  2  2  4  20.00 25102.00 
160131248922131723232317 717140  5  6  9  9  9  6  3  6  70.00 24 98.30 
16020124892327332323 0 3 0 3112 12 18  9  9  0  2  0  2  60.31 30 97.30 
160202248924 7 713 713202027114  3  3  5  3  5  7  7 12  60.31 36 99.10 
160203248925404327 7 710 7 7148 27 32 12  3  3  4  3  3 110.63 57108.90 
160204248926 3 3131723171310 99  2  2  5  6  9  6  5  4  50.21 75119.80 
1602052489272717172023201717158 12  6  6  7  9  7  6  6  70.00 71125.00 
1602062490 11323131310171713119  5  9  5  5  4  6  6  5  50.31 54120.00 
1602072490 220 3 71317332020133  7  2  3  5  6 18  7  7  70.31 61120.00 
1602082490 350374020 7 7 7 7175 48 22 27  7  3  3  3  3 140.84 61112.10 
1602092490 42010133023101023139  7  4  5 15  9  4  4  9  70.42 58114.10 
1602102490 527131010 0 3 713 83 12  5  4  4  0  2  3  5  40.21 52109.20 
1602112490 62013171017171333140  7  5  6  4  6  6  5 18  70.42 59109.80 
1602122490 73323203327201720193 18  9  7 18 12  7  6  7 100.63 43109.30 
1602132490 820232717 7 7 3 7111  7  9 12  6  3  3  2  3  60.31 26107.50 
1602142490 92023202320301710163  7  9  7  9  7 15  6  4  80.42 32105.40 
1602152490102323271713 71040160  9  9 12  6  5  3  4 27  90.52 34104.70 
1602162490114027374350475047341 27 12 22 32 48 39 48 39 331.36 29101.50 
1602172490125030403337334053316 48 15 27 18 22 18 27 56 291.36 26 97.50 
1602182490134047374330374330307 27 39 22 32 15 22 32 15 261.26 25 92.70 
1602192490143030233327333317226 15 15  9 18 12 18 18  6 140.84 32 91.90 
160220249015231317 710 7 3 7 87  9  5  6  3  4  3  2  3  40.21 36 97.80 
1602212490161017 7 0 3 31313 66  4  6  3  0  2  2  5  5  30.10 32 93.50 
160222249017 0 0 0 7 710 310 37  0  0  0  3  3  4  2  4  20.00 23 93.50 
16022324901820 3 3 7 7 71727 91  7  2  2  3  3  3  6 12  50.21 25 89.10 
1602242490192313131017 71013106  9  5  5  4  6  3  4  5  50.21 23 86.10 
16022524902017171310 3 3 717 87  6  6  5  4  2  2  3  6  40.10 18 89.90 
160226249021302313 710 710 3103 15  9  5  3  4  3  4  2  60.31 33 87.20 
160227249022 3101310 0 3 310 52  2  4  5  4  0  2  2  4  30.10 18 88.60 
16022824902310 01010 7 0 310 50  4  0  4  4  3  0  2  4  30.00 25 91.50 
16022924902420 0 3 7 7 0 310 50  7  7  2  3  3  3  2  4  40.00 31 89.30 
160301249025272013131313 723129 12  7  5  5  5  5  3  9  60.31 47 95.10 
1603022490262310 7202027 7 7121  9  4  3  7  7 12  3  3  60.31 54 96.50 
1603032490272023202017 7 313123  7  9  7  7  6  3  2  5  60.31 53 97.10 
1603042491 12713 0 7 0 3 0 3 53 12  5  0  3  0  2  0  2  30.10 77 98.90 
1603052491 2 3 3131317 3 0 3 55  2  2  5  5  6  2  0  2  30.10 57 94.70 
1603062491 3 310202023475763243  2  4  7  7  9 39 67 94 291.36 54 94.10 
1603072491 44747332327333340283 39 39 18  9 12 18 18 27 221.15 54 92.80 
1603082491 527201717201320 7141 12  7  6  6  7  5  7  3  70.31 43 94.20 
1603092491 61720131317131017120  6  7  5  5  6  5  4  6  60.21 63 96.00 
1603102491 72323171310101723136  9  9  6  5  4  4  6  9  60.31 55 93.70 
1603112491 81723273350273327237  6  9 12 18 48 12 18 12 170.94 35 93.00 
1603122491 92727171710302710165 12 12  6  6  4 15 12  4  90.52 48 93.90 
160313249110 717 7 7 0 0 0 7 45  3  6  3  3  0  0  0  3  20.00 39 91.50 
16031424911117101310 7203347157  6  4  5  4  3  7 18 39 110.63 48 92.40 
16031524911237404333 7274737271 22 27 32 18  3 12 39 22 221.15 41 93.10 
1603162491134723272727132743234 39  9 12 12 12  5 12 32 170.94 54 90.10 
1603172491144747373320302727268 39 39 22 18  7 15 12 12 201.05 50 90.70 
1603182491151317231720202020150  5  6  9  6  7  7  7  7  70.31 32 89.50 
1603192491161727333730332010207  6 12 18 22 15 18  7  4 130.73 25 88.60 
1603202491171327101313303317156  5 12  4  5  5 15 18  6  90.52 25 86.90 
1603212491181717171717171323138  6  6  6  6  6  6  5  9  60.31 23 88.20 
1603222491192317102010 0 317100  9  6  4  7  4  0  2  6  50.21 14 86.70 
1603232491201733331310 71327153  6 18 18  5  4  3  5 12  90.52 14 86.20 
160324249121231317101013 717110  9  5  6  4  4  5  3  6  50.21 24 86.00 
1603252491223017 713 7 7 3 3 87 15  6  3  5  3  3  2  2  50.21 23 85.10 
160326249123 0 3 3 3 3 3 310 28  0  2  2  2  2  2  2  4  20.00 22 85.10 
1603272491242723302720332320203 12  9 15 12  7 18  9  7 110.63 22 87.90 
1603282491252033 7 313102727140  7 18  3  2  5  4 12 12  80.42 21 87.40 
1603292491263030232317271013173 15 15  9  9  6 12  4  5  90.52 14 87.50 
1603302491273013132033203020179 15  5  5  7 18  7 15  7 100.63 12 83.60 
1603312492 1272710 7 7 7 313101 12 12  4  3  3  3  2  5  60.60 11 81.60 
1604012492 213 0 0 0 3 010 7 33  5  0  0  0  2  0  4  3  20.00  8 82.00 
1604022492 320 3 0 327473750187  7  2  0  2 12 39 22 48 160.94  8 81.50 
1604032492 440333023 7131737200 27 18 15  9  3  5  6 22 130.84  8 82.30 
1604042492 52327101013 3 310 99  9 12  4  4  5  2  2  4  50.21 27 83.50 
1604052492 61310 3 720102013 96  5  4  2  3  7  4  7  5  50.21 23 83.50 
1604062492 7201013202017 7 7114  7  4  5  7  7  6  3  3  50.21 14 87.20 
1604072492 820 7 713 7174353167  7  3  3  5  3  6 32 56 140.84 12 92.50 
1604082492 9402310 7 3 3 7 7100 27  9  4  3  2  2  3  3  70.31 18 98.60 
160409249210 3 0 0 3 310 0 3 22  2  0  0  2  2  4  0  2  20.00 17105.90 
1604102492111020271310 3 323109  4  7 12  5  4  2  2  9  60.31 23111.10 
160411249212 3 0 0 317301010 73  2  0  0  2  6 15  4  4  40.10 29117.20 
1604122492132323102033303743219  9  9  4  7 18 15 22 32 140.84 25111.90 
1604132492145037334040303327290 48 22 18 27 27 15 18 12 231.15 33108.80 
1604142492153330234337433330272 18 15  9 32 22 32 18 15 201.05 31111.80 
1604152492163717 0 713171313117 22  6  0  3  5  6  5  5  60.31 23113.20 
160416249217 7 7202320273333170  3  3  7  9  7 12 18 18 100.52 29114.00 
1604172492184040302023303727247 27 27 15  7  9 15 22 12 170.94 25102.90 
16041824921923131313 3 010 7 82  9  5  5  5  2  0  4  3  40.10 21 95.40 
160419249220 3 3 0 3 7 0 0 7 23  2  2  0  2  3  0  0  3  20.00 19 89.90 
160420249221 3131317 7 3 3 7 66  2  5  5  6  3  2  2  3  40.10 17 84.00 
160421249222 313 713 7131313 82  2  5  3  5  3  5  5  5  40.10 18 77.50 
1604222492232013101330402330179  7  5  4  5 15 27  9 15 110.63 15 77.50 
1604232492241323101720132743166  5  9  4  6  7  5 12 32 100.63  9 79.60 
1604242492251313171330403310169  5  5  6  5 15 27 18  4 110.63 26 82.80 
160425249226101317171313 7 3 93  4  5  6  6  5  5  3  2  40.21 31 82.90 
160426249227 710 71313 72023100  3  4  3  5  5  3  7  9  50.21 39 86.30 
1604272493 11017231727272017158  4  6  9  6 12 12  7  6  80.42 53 93.80 
1604282493 2171010 710 3 3 3 63  6  4  4  3  4  2  2  2  30.10 62 96.30 
1604292493 31010 0 0 3 0 7 7 37  4  4  0  0  2  0  3  3  20.00 56 93.80 
1604302493 4 310131313131310 88  2  4  5  5  5  5  5  4  40.00 61 95.40 
1605012493 52017172330334040220  7  6  6  9 15 18 27 27 140.84 60 93.60 
1605022493 65050202327334347293 48 48  7  9 12 18 32 39 271.26 57 91.30 
1605032493 73333231310171323165 18 18  9  5  4  6  5  9  90.52 49 91.50 
1605042493 817 7 0 71010 310 64  6  3  0  3  4  4  2  4  30.10 49 91.60 
1605052493 9 010172020201017114  0  4  6  7  7  7  4  6  50.21 41 88.70 
1605062493102317202330304030213  9  6  7  9 15 15 27 15 130.73 39 91.20 
1605072493113710132017201030157 22  4  5  7  6  7  4 15  90.52 23 89.70 
1605082493125363605053535060442 56 94 80 48 56 56 48 80 651.77 31 85.60 
1605092493136333273033274340296 94 18 12 15 18 12 32 27 281.26 36 90.20 
1605102493143037302330202320213 15 22 15  9 15  7  9  7 120.73 53 90.50 
1605112493152313 3 3 310 720 82  9  5  2  2  2  4  3  7  40.10 55 95.80 
16051224931610 7 710 7 0 713 61  4  3  3  4  3  0  3  5  30.10 59 93.90 
16051324931713 7171320132013116  5  3  6  5  7  5  7  5  50.21 54 95.40 
1605142493182317172320102333166  9  6  6  9  7  4  9 18  80.52 62103.40 
1605152493192720201733333313196 12  7  7  6 18 18 18  5 110.73 60110.80 
1605162493202330233030232713199  9 15  9 15 15  9 12  5 110.63 39104.30 
1605172493211720303027232727201  6  7 15 15 12  9 12 12 110.63 26105.60 
160518249322172317232010 310123  6  9  6  9  7  4  2  4  60.31 21104.70 
16051924932313 72317232017 7127  5  3  9  6  9  7  6  3  60.31 32101.20 
160520249324202013 710 3 717 97  7  7  5  3  4  2  3  6  50.21 32102.00 
1605212493252030432330332310212  7 15 32  9 15 18  9  4 140.84 12100.20 
160522249326132017272010 7 3117  5  7  6 12  7  4  3  2  60.31 20 99.80 
160523249327 3 71017 3 013 7 60  2  3  4  6  2  0  5  3  30.10 11 99.80 
1605242494 11313102310 3 7 7 86  5  5  4  9  4  2  3  3  40.21 17 96.70 
1605252494 2 310 010 7 3 3 0 36  2  4  0  4  3  2  2  0  20.00 23 96.10 
1605262494 3 0 3 3 3 3 71310 42  0  2  2  2  2  3  5  4  20.00 24 94.20 
1605272494 42723101720202730174 12  9  4  6  7  7 12 15  90.52 24 92.80 
1605282494 52727372017302327208 12 12 22  7  6 15  9 12 120.73 23 90.10 
1605292494 62013131710101727127  7  5  5  6  4  4  6 12  60.31 21 85.30 
1605302494 74027232010201320173 27 12  9  7  4  7  5  7 100.52 33 88.70 
1605312494 81713231313233033165  6  5  9  5  5  9 15 18  90.52 24 89.00 
1606012494 9201010 713131717107  7  4  4  3  5  5  6  6  50.21 28 88.40 
160602249410 7 7 3 7 3 7 0 7 41  3  3  2  3  2  3  0  3  20.00  9 87.70 
16060324941110 3 0 3 0 0 310 29  4  2  0  2  0  0  2  4  20.00  0 85.70 
160604249412 7 3 3 3 3 31313 48  3  2  2  2  2  2  5  5  30.10  7 82.40 
1606052494131320203350475347283  5  7  7 18 48 39 56 39 271.26  0 81.50 
1606062494144350334030173317263 32 48 18 27 15  6 18  6 211.15  0 80.80 
1606072494151713 72017203027151  6  5  3  7  6  7 15 12  80.42 13 80.80 
1606082494162320 7201717 3 7114  9  7  3  7  6  6  2  3  50.21 10 82.60 
16060924941720 7 3 310 3 7 7 60  7  3  2  2  4  2  3  3  30.10 13 87.80 
160610249418 310 3 717133030113  2  4  2  3  6  5 15 15  60.31 22 87.50 
1606112494193017171317202033167 15  6  6  5  6  7  7 18  90.52 30 90.90 
1606122494201717201723273320174  6  6  7  6  9 12 18  7  90.52 29 97.10 
16061324942127331317171013 7137 12 18  5  6  6  4  5  3  70.42 27 93.90 
1606142494222317131317235733196  9  6  5  5  6  9 67 18 160.94 26 90.40 
160615249423432020302723 710180 32  7  7 15 12  9  3  4 110.63 28 90.10 
1606162494241710132023171313126  6  4  5  7  9  6  5  5  60.31 19 91.00 
16061724942510172020232323 7143  4  6  7  7  9  9  9  3  70.31 27 89.40 
1606182494261723202323101317146  6  9  7  9  9  4  5  6  70.31 33 86.30 
160619249427201713 71313 7 3 93  7  6  5  3  5  5  3  2  40.21 34 87.90 
1606202495 1101010 3 7 31010 63  4  4  4  2  3  2  4  4  30.10 25 87.10 
1606212495 2 3 7 7 7 7 7 7 3 48  2  3  3  3  3  3  3  2  30.00 16 82.90 
1606222495 3 710 71020234333153  3  4  3  4  7  9 32 18 100.63 16 80.90 
1606232495 41730 7 710302733161  6 15  3  3  4 15 12 18 100.52  8 80.00 
1606242495 53330272020231723193 18 15 12  7  7  9  6  9 100.63  8 78.20 
1606252495 6231717 710102027131  9  6  6  3  4  4  7 12  60.31  0 79.60 
1606262495 71713131320272740170  6  5  5  5  7 12 12 27 100.63  0 79.20 
1606272495 8302323 710102023146 15  9  9  3  4  4  7  9  80.42  0 78.00 
1606282495 923201310171010 7110  9  7  5  4  6  4  4  3  50.21  0 75.50 
16062924951013 710 3 71017 7 74  5  3  4  2  3  4  6  3  40.10  0 76.00 
160630249511 3 7 3 7 3101310 56  2  3  2  3  2  4  5  4  30.00  0 74.00 
1607012495122717202013 7 0 3107 12  6  7  7  5  3  0  2  50.21  0 74.00 
160702249513 310 7 713 72737111  2  4  3  3  5  3 12 22  70.31  8 73.30 
1607032495143017131310232027153 15  6  5  5  4  9  7 12  80.42 13 74.80 
16070424951517172013 7 31317107  6  6  7  5  3  2  5  6  50.21  0 76.30 
1607052495161013 7 3 3 3 3 7 49  4  5  3  2  2  2  2  3  30.10  9 74.90 
160706249517 3 3 3 7 3 71027 63  2  2  2  3  2  3  4 12  40.10  9 79.70 
1607072495182327272333434340259  9 12 12  9 18 32 32 27 191.05 17 86.10 
1607082495193323333740373720260 18  9 18 22 27 22 22  7 181.05 29 90.00 
1607092495203020332333302320212 15  7 18  9 18 15  9  7 120.73 38 95.30 
1607102495212323172723132020166  9  9  6 12  9  5  7  7  80.42 34 97.60 
1607112495222023132020202727170  7  9  5  7  7  7 12 12  80.42 43 97.80 
1607122495233037404020172333240 15 22 27 27  7  6  9 18 160.94 41 95.50 
1607132495242720131717131020137 12  7  5  6  6  5  4  7  60.31 36100.00 
1607142495251723403317171720184  6  9 27 18  6  6  6  7 110.63 40 98.20 
1607152495262333272713231723186  9 18 12 12  5  9  6  9 100.63 48105.40 
1607162495272713131327131710133 12  5  5  5 12  5  6  4  70.31 42110.10 
1607172496 11313 71010101720100  5  5  3  4  4  4  6  7  50.21 27108.60 
1607182496 2 7 710 7 3 3 313 53  3  3  4  3  2  2  2  5  30.10 44110.60 
1607192496 310 3 3 3 7 7 350 86  4  2  2  2  3  3  2 48  80.42 41104.10 
1607202496 45343332020232310225 56 32 18  7  7  9  9  4 181.05 39111.50 
1607212496 5 7 310131023 320 89  3  2  4  5  4  9  2  7  40.21 36103.30 
1607222496 61010171720272020141  4  4  6  6  7 12  7  7  70.31 27 93.30 
1607232496 720272713 7 3 717121  7 12 12  5  3  2  3  6  60.31 19 88.90 
1607242496 817 7 71313334340173  6  3  3  5  5 18 32 27 120.73  9 84.80 
1607252496 93733273030302020227 22 18 12 15 15 15  7  7 140.84  0 75.90 
1607262496101013 7 3 710 713 70  4  5  3  2  3  4  3  5  40.10  0 75.90 
160727249611 7 7 0 0 3 3 720 47  3  3  0  0  2  2  3  7  20.00  0 73.80 
1607282496122733271717274030218 12 18 12  6  6 12 27 15 140.84  9 72.50 
1607292496133033302723202713203 15 18 15 12  9  7 12  5 120.73 11 72.60 
160730249614271710 7 7 7 710 92 12  6  4  3  3  3  3  4  50.21 14 73.10 
16073124961517 7 3 7 3 7 710 61  6  3  2  3  2  3  3  4  30.00 11 71.00 
16080124961613 7 3 0 3 31013 52  5  3  2  0  2  2  4  5  30.10  8 71.00 
1608022496171313132020374047203  5  5  5  7  7 22 27 39 150.84  8 77.10 
1608032496185040434740472723317 48 27 32 39 27 39 12  9 291.36  0 77.00 
1608042496193333272730332717227 18 18 12 12 15 18 12  6 140.84 11 78.50 
1608052496201337373730232333233  5 22 22 22 15  9  9 18 150.94 26 82.10 
1608062496212317233323231727186  9  6  9 18  9  9  6 12 100.52 27 85.50 
1608072496223717101327301327174 22  6  4  5 12 15  5 12 100.63 36 95.30 
16080824962333171713233323 7166 18  6  6  5  9 18  9  3  90.52 56 99.00 
1608092496241327173033271730194  5 12  6 15 18 12  6 15 110.63 50 94.90 
1608102496253327303320273030230 18 12 15 18  7 12 15 15 140.84 53 97.60 
16081124962617 7101713232330140  6  3  4  6  5  9  9 15  70.42 54 97.20 
1608122496273730202320171313173 22 15  7  9  7  6  5  5 100.52 50 97.30 
1608132497 1131010 710102010 90  5  4  4  3  4  4  7  4  40.21 40 92.90 
1608142497 210 3101017 310 3 66  4  2  4  4  6  2  4  2  40.10 41 89.40 
1608152497 3 7 313 7 3 7 010 50  3  2  5  3  2  3  0  4  30.00 44 89.80 
1608162497 4 3 3 7 71310 710 60  2  2  3  3  5  4  3  4  30.00 56 88.00 
1608172497 52330171013 31727140  9 15  6  4  5  2  6 12  70.42 40 84.90 
1608182497 6173010 713 7 717108  6 15  4  3  5  3  3  6  60.31 34 84.40 
1608192497 7 7 0131010131010 73  3  0  5  4  4  5  4  4  40.10 32 82.70 
1608202497 8171313 7 3 0 0 3 56  6  5  5  3  2  0  0  2  30.10 12 80.00 
1608212497 9 3 3 71027371730134  2  2  3  4 12 22  6 15  80.42  9 78.40 
16082224971013 710 3 3 71013 66  5  3  4  2  2  3  4  5  40.10 21 81.80 
1608232497111317 72333304747217  5  6  3  9 18 15 39 39 170.94 33 83.10 
1608242497125027173030172033224 48 12  6 15 15  6  7 18 160.94 34 79.70 
1608252497132010232720232333179  7  4  9 12  7  9  9 18  90.52 33 80.30 
1608262497142713 3 310201717110 12  5  2  2  4  7  6  6  60.21 35 83.60 
1608272497151723 717 7 3 7 3 84  6  9  3  6  3  2  3  2  40.10 41 85.60 
160828249716 3 3 3 7 7 0 7 3 33  2  2  2  3  3  0  3  2  20.00 44 87.10 
16082924971710 3 31317172023106  4  2  2  5  6  6  7  9  50.21 48 89.50 
1608302497182723201733434040243 12  9  7  6 18 32 27 27 170.94 50102.30 
16083124971917 710 3 7 71727 95  6  3  4  2  3  3  6 12  90.00 55 99.30 
1609012497203737403037304350304 22 22 27 15 22 15 32 48 251.26 54 96.90 
1609022497215750333343402347326 67 48 18 18 32 27  9 39 321.36 46 96.30 
1609032497223750474040434347347 22 48 39 27 27 32 32 39 331.36 45100.70 
1609042497234333373333374033289 32 18 22 18 18 22 27 18 221.15 34 98.00 
1609052497242733272017304023217 12 18 12  7  6 15 27  9 130.84 21 95.30 
1609062497252330302323233723212  9 15 15  9  9  9 22  9 120.73 29 93.90 
1609072497263027132030301713180 15 12  5  7 15 15  6  5 100.63 41 94.40 
1609082497273033302723172017197 15 18 15 12  9  6  7  6 110.63 36 95.90 
1609092498 117 3 7 0 7 3 713 57  6  2  3  0  3  2  3  5  30.10 54 92.30 
1609102498 2101313 3 0 0 717 63  4  5  5  2  0  0  3  6  30.10 55 94.30 
1609112498 3 7 3 7 7101010 7 61  3  2  3  3  4  4  4  3  30.10 46 87.50 
1609122498 4201710 713 3 313 86  7  6  4  3  5  2  2  5  40.10 40 87.50 
1609132498 520101010 3 3 310 69  7  4  4  4  2  2  2  4  40.10 26 87.00 
1609142498 61317131723172323146  5  6  5  6  9  6  9  9  70.31 19 86.20 
1609152498 727231710 7 3 713107 12  9  6  4  3  2  3  5  60.21 15 85.30 
1609162498 8 0 0 0 3 31013 7 36  0  0  0  2  2  4  5  3  20.00  9 84.50 
1609172498 913 3 017 3 0 013 49  5  2  0  6  2  0  0  5  20.00  9 81.00 
1609182498101710132320201310126  6  4  5  9  7  7  5  4  60.31 26 83.80 
16091924981113 7232323201330152  5  3  9  9  9  7  5 15  80.42 44 83.30 
1609202498124340333717232323239 32 27 18 22  6  9  9  9 160.94 37 85.20 
16092124981340202027 7 01010134 27  7  7 12  3  0  4  4  80.42 35 86.10 
160922249814201013 3 3 0 3 3 55  7  4  5  2  2  0  2  2  30.10 25 85.70 
160923249815 31310 3 3 3 310 48  2  5  4  2  2  2  2  4  30.10 41 86.10 
160924249816 3 3 3 710 31320 62  2  2  2  3  4  2  5  7  30.10 38 85.40 
1609252498173743133323274040256 22 32  5 18  9 12 27 27 191.05 19 85.10 
1609262498183337272733333347270 18 22 12 12 18 18 18 39 201.05 18 87.20 
1609272498195040405043532737340 48 27 27 48 32 56 12 22 341.36 17 85.90 
1609282498204343304340505740346 32 32 15 32 27 48 67 27 351.46 22 84.80 
1609292498213747504737504030338 22 39 48 39 22 48 27 15 321.36 12 83.00 
1609302498223733303323304733266 22 18 15 18  9 15 39 18 190.00  5 80.80 
1610012498233040232320304030236 15 27  9  9  7 15 27 15 160.94  0 81.20 
1610022498243030232333234333238 15 15  9  9 18  9 32 18 160.94  6 82.40 
161003249825203333 717233330196  7 18 18  3  6  9 18 15 120.73 27 87.90 
1610042498263747303737233037278 22 39 15 22 22  9 15 22 211.15 30 93.10 
1610052498273333272020231723196 18 18 12  7  7  9  6  9 110.63 30 99.30 
1610062499 12017 7 0 3172013 97  7  6  3  0  2  6  7  5  40.21 41101.40 
1610072499 22313 7 3 7172010100  9  5  3  2  3  6  7  4  50.21 43104.00 
1610082499 32033172010 71017134  7 18  6  7  4  3  4  6  70.31 44104.10 
1610092499 42013131017 71710107  7  5  5  4  6  3  6  4  50.21 48104.20 
1610102499 530272310102727 7161 15 12  9  4  4 12 12  3  90.52 49101.60 
1610112499 6 3 0 3 7 3 0 3 7 26  2  0  2  3  2  0  2  3  20.00 46 98.80 
1610122499 7 7 3 7 3 3101030 73  3  2  3  2  2  4  4 15  40.21 29 97.20 
1610132499 82730404347606050357 12 15 27 32 39 80 80 48 421.57 30 94.80 
1610142499 9534040231717 710207 56 27 27  9  6  6  3  4 170.94 31 92.30 
1610152499102323172017272030177  9  9  6  7  6 12  7 15  90.52 26 84.40 
1610162499113017272730234737238 15  6 12 12 15  9 39 22 160.94 20 80.40 
1610172499123330374020303337260 18 15 22 27  7 15 18 22 181.05 20 75.60 
1610182499133030302013101023166 15 15 15  7  5  4  4  9  90.52 20 76.80 
16101924991427201013 71310 7107 12  7  4  5  3  5  4  3  50.21 23 75.80 
16102024991513 0 3 0 3 017 7 43  5  0  2  0  2  0  6  3  20.00 12 74.00 
161021249916 3 7 3 0 0 0 0 3 16  2  3  2  0  0  0  0  2  10.00 20 77.10 
16102224991713 3 710 7132017 90  5  2  3  4  3  5  7  6  40.21 19 76.70 
161023249918 720231317172030147  3  7  9  5  6  6  7 15  70.42 11 76.00 
1610242499193730272037271733228 22 15 12  7 22 12  6 18 140.84 10 74.50 
1610252499204040334763634757390 27 27 18 39 94 94 39 67 511.67 12 76.90 
1610262499214347375740534743367 32 39 22 67 27 56 39 32 391.46 18 77.10 
1610272499224340333030433730286 32 27 18 15 15 32 22 15 221.15 17 77.80 
1610282499232323332327302740226  9  9 18  9 12 15 12 27 140.84 25 78.20 
1610292499244750403333232023269 39 48 27 18 18  9  7  9 221.15 16 78.00 
1610302499254033272337333020243 27 18 12  9 22 18 15  7 160.94  9 75.10 
1610312499262330232313302723192  9 15  9  9  5 15 12  9 100.00  9 77.10 
1611012499271720172730201333177  6  7  6 12 15  7  5 18 100.52  8 75.40 
1611022500 14017102333231337196 27  6  4  9 18  9  5 22 120.73  0 74.80 
1611032500 23027373723272040241 15 12 22 22  9 12  7 27 160.94 21 74.40 
1611042500 3231310 7 0 0 7 7 67  9  5  4  3  0  0  3  3  30.10 18 75.40 
1611052500 4 7 3 7 3 0 0 3 3 26  3  2  3  2  0  0  2  2  20.00 18 75.30 
1611062500 510 3131020 31013 82  4  2  5  4  7  2  4  5  40.10 16 74.90 
1611072500 617 313 7 7 7 0 0 54  6  2  5  3  3  3  0  0  30.00  8 75.10 
1611082500 7 3 0 7 710 3 310 43  2  0  3  3  4  2  2  4  20.00  0 75.40 
1611092500 8 0 0171717102323107  0  0  6  6  6  4  9  9  50.21  0 78.30 
1611102500 91717202330432727204  6  6  7  9 15 32 12 12 120.73 18 78.60 
1611112500104013171713201330163 27  5  6  6  5  7  5 15 100.52 21 76.80 
1611122500112733233733303033246 12 18  9 22 18 15 15 18 160.94  9 76.80 
1611132500123733333330304330269 22 18 18 18 15 15 32 15 191.05 26 76.20 
1611142500131317202027271730171  5  6  7  7 12 12  6 15  90.52 23 75.60 
161115250014302013172313 7 3126 15  7  5  6  9  5  3  2  60.31 21 74.90 
1611162500151010 7 3 0 71717 71  4  4  3  2  0  3  6  6  40.10 18 79.10 
16111725001613 3 3 7 0 310 7 46  5  2  2  3  0  2  4  3  30.00 21 76.80 
16111825001720 0 0 0 010 3 3 36  7  0  0  0  0  4  2  2  20.00 21 75.80 
161119250018 3 0 0 0 3 710 3 26  2  0  0  0  2  3  4  2  20.00 10 74.90 
161120250019 3 0 7 7 7 3 310 40  2  0  3  3  3  2  2  4  20.00  5 74.60 
161121250020 713 7 710132023100  3  5  3  3  4  5  7  9  50.21  0 73.10 
16112225002110 7132020302740167  4  3  5  7  7 15 12 27 100.63  0 75.40 
1611232500223730271010132317167 22 15 12  4  4  5  9  6 100.52  7 75.70 
1611242500233323303047304033266 18  9 15 15 39 15 27 18 201.05  9 77.00 
1611252500244050473043374023310 27 48 39 15 32 22 27  9 271.26  9 78.80 
1611262500252723232017302320183 12  9  9  7  6 15  9  7  90.52 16 79.10 
1611272500261727232323 71720157  6 12  9  9  9  3  6  7  80.42 21 80.40 
1611282500271717171017272023148  6  6  6  4  6 12  7  9  70.42 32 82.90 
1611292501 11710 7 7 7 71323 91  6  4  3  3  3  3  5  9  40.21 35 83.10 
1611302501 2101013 7 0101317 80  4  4  5  3  3  4  5  6  40.00 43 82.13 
1612012501 3 717 7 3 0 0 3 3 40  3  6  3  2  0  0  2  2  20.00 41 82.10 
1612022501 4 310 7 7 310 7 3 50  2  4  3  3  2  4  3  2  30.10 43 82.00 
1612032501 5 3 0 3 0 0 310 3 22  2  0  2  0  0  2  4  2  20.00 41 82.20 
1612042501 6 0 7 0 0 0 0 0 7 14  0  3  0  0  0  0  0  3  10.00 27 80.00 
1612052501 717 7 0 0 710 713 61  6  3  0  0  3  4  3  5  30.10 24 80.30 
1612062501 8 7 7102030131323123  3  3  4  7 15  5  5  9  60.31 23 77.40 
1612072501 9 317301713203027157  2  6 15  6  5  7 15 12  80.52 13 74.90 
1612082501103340272727404340277 18 27 12 12 12 27 32 27 211.15  9 72.60 
1612092501113720303727374047275 22  7 15 22 12 22 27 39 211.15 14 70.70 
1612102501123730233030232727227 22 15  9 15 15  9 12 12 140.84  0 70.00 
1612112501133037202723273013207 15 22  7 12  9 12 15  5 120.73  0 69.20 
161212250114202313 3 317 713 99  7  9  5  2  2  6  3  5  50.21  9 68.60 
16121325011510 7 3 7 7 7 310 54  4  3  2  3  3  3  2  4  30.10  9 69.00 
16121425011610 3 713 3 310 7 56  4  2  3  5  2  2  4  3  30.10 15 70.10 
161215250117 0 0 3 7 0 3 7 7 27  0  0  2  3  0  2  3  3  20.00  8 70.20 
161216250118 7 3 0 0 0 0 3 7 20  3  2  0  0  0  0  2  3  10.00  0 70.30 
161217250119 3 0 3 710132330 89  2  0  2  3  4  5  9 15  50.21  9 69.80 
1612182501203023201313131310135 15  9  7  5  5  5  5  4  70.31 23 70.00 
16121925012110171310 71017 7 91  4  6  5  4  3  4  6  3  40.21 14 70.50 
16122025012210101013 717 727101  4  4  4  5  3  6  3 12  50.21 17 72.50 
1612212501232017132733574340250  7  6  5 12 18 67 32 27 221.15 21 72.60 
1612222501244343333030273327266 32 32 18 15 15 12 18 12 191.05 11 72.40 
1612232501252737233027334037254 12 22  9 15 12 18 27 22 170.94  0 71.30 
1612242501262727271730302023201 12 12 12  6 15 15  7  9 110.63  0 70.70 
1612252501273033173737374027258 15 18  6 22 22 22 27 12 181.05  0 70.10 
1612262502 14330303033332330252 32 15 15 15 18 18  9 15 170.94  0 71.40 
1612272502 23727202020102023177 22 12  7  7  7  4  7  9  90.52 14 71.30 
1612282502 31720 310 3171313 96  6  7  2  4  2  6  5  5  50.21  5 70.90 
1612292502 42010 3101013 3 3 72  7  4  2  4  4  5  2  2  40.10  7 70.90 
1612302502 5 310 3 3 3 3 310 38  2  4  2  2  2  2  2  4  20.00  8 71.20 
1612312502 6 320172733303020 54  2  7  6 12 18 15 15  7 100.63  5 71.10 
