1501012475 52310101013131723119  9  4  4  4  5  5  6  9  60.31 75132.90
1501022475 63010131723233040186 15  4  5  6  9  9 15 27 110.63 89141.00
1501032475 747302330271013 0180 39 15  9 15 12  4  5  0 120.73 74143.80
1501042475 8 710203337503340230  3  4  7 18 22 48 18 27 181.05 74144.80
1501052475 95330231720172330213 56 15  9  6  7  6  9 15 150.94 66137.20
1501062475102030333720302710207  7 15 18 22  7 15 12  4 120.73 64137.20
1501072475112317606340232033279  9  6 80 94 27  9  7 18 311.36 74142.40
1501082475123740272023171727208 22 27 12  7  9  6  6 12 130.73 74152.00
1501092475132017231720131020140  7  6  9  6  7  5  4  7  60.31 81146.20
15011024751423331320233310 7162  9 18  5  7  9 18  4  3  90.52 81146.90
1501112475153023302023102027183 15  9 15  7  9  4  7 12 100.52 88148.60
150112247516 313131727232320139  2  5  5  6 12  9  9  7  70.31 92153.40
1501132475171717101327272020151  6  6  4  5 12 12  7  7  70.42 72140.03
15011424751820 7101727131710121  7  3  4  6 12  5  6  4  60.31 58135.30
150115247519 3 713133017 3 3 89  2  3  5  5 15  6  2  2  50.21 43127.10
1501162475201330201320101710133  5 15  7  5  7  4  6  4  70.31 38120.70
1501172475212730 71713 0 317114 12 15  3  6  5  0  2  6  60.31 29118.00
150118247522 3 3 0 713101023 69  2  2  0  3  5  4  4  9  40.10 47121.70
15011924752323 3 0 7 7 71020 77  9  2  0  3  3  3  4  7  40.10 48125.90
15012024752410 01013 3 0 0 3 39  4  0  4  5  2  0  0  2  20.00 38121.60
1501212475251320171320373330183  5  7  6  5  7 22 18 15 110.63 32120.00
1501222475263730173030132320200 22 15  6 15 15  5  9  7 120.73 37116.60
15012324752727302020202017 7161 12 15  7  7  7  7  6  3  80.42 42117.30
1501242476 1 310101017172323113  2  4  4  4  6  6  9  9  60.21 41121.40
1501252476 21017 7 710101327101  4  6  3  3  4  4  5 12  50.21 44122.70
1501262476 33330334027302320236 18 15 18 27 12 15  9  7 150.94 80142.50
1501272476 43027302017232333203 15 12 15  7  6  9  9 18 110.73 91153.30
1501282476 52720302310 7 313133 12  7 15  9  4  3  2  5  70.42 98154.50
1501292476 620 7 71717203727152  7  3  3  6  6  7 22 12  80.42103166.70
1501302476 72327201010173330170  9 12  7  4  4  6 18 15  90.52102154.60
1501312476 81323131317232337162  5  9  5  5  6  9  9 22  90.52101149.00
1502012476 94027302020304350260 27 12 15  7  7 15 32 48 201.05 76137.60
1502022476105047403730374030311 48 39 27 22 15 22 27 15 271.26 64139.60
1502032476114040272327302330240 27 27 12  9 12 15  9 15 160.94 59145.10
1502042476122317101727301313150  9  6  4  6 12 15  5  5  80.42 68150.10
1502052476131730132333332723199  6 15  5  9 18 18 12  9 120.73 63138.00
150206247614 0132327171310 0103  0  5  9 12  6  5  4  0  50.21 59139.30
150207247615 7 7303323272313163  3  3 15 18  9 12  9  5  90.52 52148.90
1502082476162027272013233027187  7 12 12  7  5  9 15 12 100.63 53148.70
15020924761730 710 323202023136 15  3  4  2  9  7  7  9  70.42 59141.90
150210247618 72310 310171730117  3  9  4  2  4  6  6 15  60.31 58137.30
1502112476191330 71723 7 0 3100  5 15  3  6  9  3  0  2  50.21 41127.70
15021224762013 7 0 720131310 83  5  3  0  3  7  5  5  4  40.10 35124.40
150213247621 0 0 01010 7 3 3 33  0  0  0  4  4  3  2  2  20.00 41121.80
150214247622 017 3 3 3 3 010 39  0  6  2  2  2  2  0  4  20.00 35117.40
150215247623 317171030171710121  2  6  6  4 15  6  6  4  60.31 42116.70
150216247624 0 3101017102327100  0  2  4  4  6  4  9 12  50.21 27115.30
1502172476253733333730273750284 22 18 18 22 15 12 22 48 221.15 25115.70
1502182476265040332720202730247 48 27 18 12  7  7 12 15 181.05 59118.20
1502192476273027231717171717165 15 12  9  6  6  6  6  6  80.42 61116.00
1502202477 1 717171717 7 720109  3  6  6  6  6  3  3  7  50.21 43117.00
1502212477 22727101317101023137 12 12  4  5  6  4  4  9  70.42 39113.60
1502222477 3232310171313 723129  9  9  4  6  5  5  3  9  60.31 28115.00
1502232477 43027273333333037250 15 12 12 18 18 18 15 22 160.94 31114.30
1502242477 55353403727231327273 56 56 27 22 12  9  5 12 251.26 28112.10
1502252477 6 7133020302720 3150  3  5 15  7 15 12  7  2  80.42 13108.80
1502262477 717 3131310 0 310 69  6  2  5  5  4  0  2  4  40.10 16109.10
1502272477 8 0 0 3 3 710 313 39  0  0  2  2  3  4  2  5  20.00 38115.70
1502282477 9 727232020303730194  3 12  9  7  7 15 22 15 110.63 41121.10
1503012477105050533720132327273 48 48 56 22  7  5  9 12 261.26 46125.30
1503022477114043534737373020307 27 32 56 39 22 22 15  7 281.26 36128.10
1503032477123030202017132333186 15 15  7  7  6  5  9 18 100.63 30122.90
1503042477132013173330 31727160  7  5  6 18 15  2  6 12  90.52 26122.10
15030524771413 3 31320231713105  5  2  2  5  7  9  6  5  50.21 18137.90
1503062477151327372017172030181  5 12 22  7  6  6  7 15 100.63 23125.40
1503072477163743333330373337283 22 32 18 18 15 22 18 22 211.15 12135.70
15030824771727232730372017 3184 12  9 12 15 22  7  6  2 110.63 20122.30
1503092477183323 3 0 710 310 89 18  9  2  0  3  4  2  4  50.21 17121.20
15031024771913131713 7 310 3 79  5  5  6  5  3  2  4  2  40.10 20119.20
150311247720 330271723272310160  2 15 12  6  9 12  9  4  90.52 32129.90
150312247721173323232320 7 0146  6 18  9  9  9  7  3  0  80.42 41125.10
15031324772210 3 31733201010106  4  2  2  6 18  7  4  4  60.31 53117.90
150314247723 323171317 7 323106  2  9  6  5  6  3  2  9  50.21 40114.30
1503152477242020271313132010136  7  7 12  5  5  5  7  4  60.31 38113.10
15031624772517333730272713 3187  6 18 22 15 12 12  5  2 120.73 32116.00
1503172477262047575377777377481  7 39 67 561791791541791081.98 28113.20
1503182477276047434353534747393 80 39 32 32 56 56 39 39 471.57 29113.70
1503192478 14340375043302337303 32 27 22 48 32 15  9 22 261.26 35108.30
1503202478 24730473027233343280 39 15 39 15 12  9 18 32 221.15 14111.80
1503212478 34027332723171713197 27 12 18 12  9  6  6  5 120.73 19112.70
1503222478 42333634733101010229  9 18 94 39 18  4  4  4 241.15 56121.50
1503232478 53743233037302737264 22 32  9 15 22 15 12 22 191.05 69127.20
1503242478 61713132333371720173  6  5  5  9 18 22  6  7 100.52 76132.20
1503252478 72023273337273320220  7  9 12 18 22 12 18  7 130.84 70137.00
1503262478 8231317 720232030153  9  5  6  3  7  9  7 15  80.42 73135.50
1503272478 93023231323131013148 15  9  9  5  9  5  4  5  80.42 71137.20
150328247810 017331717232027154  0  6 18  6  6  9  7 12  80.42 54145.10
1503292478114033231720172020190 27 18  9  6  7  6  7  7 110.63 50144.00
1503302478121720 7 7 3 3 717 81  6  7  3  3  2  2  3  6  40.10 36133.30
150331247813 3 7232330302720163  2  3  9  9 15 15 12  7  90.52 27127.80
1504012478141310131713302020136  5  4  5  6  5 15  7  7  70.31 32123.90
150402247815 717202323233347193  3  6  7  9  9  9 18 39 120.73 25121.20
1504032478163327232330272030213 18 12  9  9 15 12  7 15 120.73 23119.80
1504042478173027172330332017197 15 12  6  9 15 18  7  6 110.63 40122.40
150405247818172013 710171030124  6  7  5  3  4  6  4 15  60.31 40122.30
150406247819232317 717 7 710111  9  9  6  3  6  3  3  4  50.21 39125.80
1504072478202023 3 0 7 713 3 76  7  9  2  0  3  3  5  2  40.10 37111.40
15040824782110 3 0 0101017 7 57  4  2  0  0  4  4  6  3  30.10 31106.30
1504092478222330272723272027204  9 15 12 12  9 12  7 12 110.63 34111.60
1504102478235350534343333020325 56 48 56 32 32 18 15  7 331.36 29115.50
1504112478244040373327272313240 27 27 22 18 12 12  9  5 160.94 42123.50
150412247825 31010 310 713 7 63  2  4  4  2  4  3  5  3  30.10 62134.60
15041324782623231710131313 7119  9  9  6  4  5  5  5  3  60.31 75142.10
150414247827 3 7131030433737180  2  3  5  4 15 32 22 22 130.84 75147.70
1504152479 12327275053374737301  9 12 12 48 56 22 39 22 281.26 70155.70
1504162479 24747474337405360374 39 39 39 32 22 27 56 80 421.57 69151.30
1504172479 35047403030302720274 48 39 27 15 15 15 12  7 221.15 85150.80
1504182479 42720202020233327190 12  7  7  7  7  9 18 12 100.63100148.90
1504192479 53023171317202023163 15  9  6  5  6  7  7  9  80.42100153.00
1504202479 63030131320132727173 15 15  5  5  7  5 12 12 100.52 93151.00
1504212479 74037334043332733286 27 22 18 27 32 18 12 18 221.15 93155.30
1504222479 82320332323171727183  9  7 18  9  9  6  6 12 100.52104151.80
1504232479 917331010 7 7 313100  6 18  4  4  3  3  2  5  60.31 84142.00
1504242479102023 3 7 3 3 3 0 62  7  9  2  3  2  2  2  0  30.10 61136.00
150425247911 0 3 0 0 0 0 3 0  6  0  2  0  0  0  0  2  0  00.00 48127.40
150426247912 0 3 0 3 7 3 010 26  0  2  0  2  3  2  0  4  20.00 47120.00
150427247913 3 0 71717131317 87  2  0  3  6  6  5  5  6  40.10 34108.90
15042824791423101317171310 3106  9  4  5  6  6  5  4  2  50.21 31109.20
150429247915 7 3 3101713 710 70  3  2  2  4  6  5  3  4  40.10 19105.50
15043024791620 710 7 3 323 7 80  7  3  4  3  2  2  9  3  40.10 11103.30
1505012479171320 7 310171317100  5  7  3  2  4  6  5  6  50.21 13101.40
1505022479181317101713173027144  5  6  4  6  5  6 15 12  70.42 24107.30
15050324791930302313101313 7139 15 15  9  5  4  5  5  3  80.42 28112.90
1505042479201713201327231710140  6  5  7  5 12  9  6  4  70.31 68125.40
150505247921 7 7102023101020107  3  3  4  7  9  4  4  7  50.21 68130.00
1505062479223330333753403317276 18 15 18 22 56 27 18  6 221.15 82138.60
1505072479232017 7 717231717125  7  6  3  3  6  9  6  6  60.31 95149.20
1505082479242717171710 7 7 7109 12  6  6  6  4  3  3  3  50.21101152.60
150509247925 3 3 32713272723126  2  2  2 12  5 12 12  9  70.42 92157.50
1505102479261713203733 71720164  6  5  7 22 18  3  6  7  90.52107163.10
1505112479273337201730272337224 18 22  7  6 15 12  9 22 140.84109166.20
1505122480 12730303330273030237 12 15 15 18 15 12 15 15 150.84112166.50
1505132480 25057574743435043390 48 67 67 39 32 32 48 32 461.57113160.30
1505142480 32323271317102030163  9  9 12  5  6  4  7 15  80.52109148.20
1505152480 41723202317 71320140  6  9  7  9  6  3  5  7  60.31 83139.50
1505162480 513 7131013101317 96  5  3  5  4  5  4  5  6  50.21 69134.00
1505172480 6201710 3101317 3 93  7  6  4  2  4  5  6  2  40.21 59122.30
1505182480 71317202330133053199  5  6  7  9 15  5 15 56 150.84 66117.60
1505192480 850331723202020 7190 48 18  6  9  7  7  7  3 130.84 51112.90
1505202480 92727201320 7 7 0121 12 12  7  5  7  3  3  0  60.31 39108.20
150521248010 0 3 0 310 3 710 36  0  2  0  2  4  2  3  4  20.00 33104.30
15052224801113 3 0 710 3 3 0 39  5  2  0  3  4  2  2  0  20.00 48101.60
150523248012 0 7 713 7 7 7 3 51  0  3  3  5  3  3  3  2  30.00 48100.20
1505242480131317 7 3 3 31313 72  5  6  3  2  2  2  5  5  40.10 52101.20
150525248014 3 0 3 7 7 3 7 3 33  2  0  2  3  3  2  3  2  20.00 45 99.00
15052624801517171310132317 3113  6  6  5  4  5  9  6  2  50.21 35 97.00
150527248016 010 3102313 720 86  0  4  2  4  9  5  3  7  40.10  9 97.80
1505282480172023102017131013126  7  9  4  7  6  5  4  5  60.31  8 95.50
150529248018 720132020202020140  3  7  5  7  7  7  7  7  60.31 22 94.80
150530248019 710 71020101013 87  3  4  3  4  7  4  4  5  40.10 19 97.70
150531248020131013 3 7171017 90  5  4  5  2  3  6  4  6  40.21 17 97.00
15060124802130231017 31023 7123 15  9  4  6  2  4  9  3  60.31 27103.20
150602248022 3 3 0 3 3 3 3 3 21  2  2  0  2  2  2  2  2  20.00 44103.90
150603248023 3 7 71313 7 7 3 60  2  3  3  5  5  3  3  2  30.10 49111.60
150604248024 3 3 0 3 3 310 0 25  2  2  0  2  2  2  4  0  20.00 80121.40
150605248025 0 3 0 3 3 3 3 3 18  0  2  0  2  2  2  2  2  20.00 90129.70
150606248026 720 31713 7 7 7 81  3  7  2  6  5  3  3  3  40.10109136.60
150607248027 010101017173030124  0  4  4  4  6  6 15 15  70.31124141.40
1506082481 13037605043503737344 15 22 80 48 32 48 22 22 361.46112138.20
1506092481 23730271330332723220 22 15 12  5 15 18 12  9 140.84 92140.60
1506102481 33020302727232723207 15  7 15 12 12  9 12  9 110.73 93139.50
1506112481 42330232020271313169  9 15  9  7  7 12  5  5  90.52 95144.20
1506122481 51013101023231717123  4  5  4  4  9  9  6  6  60.31 98141.00
1506132481 62717232317232023173 12  6  9  9  6  9  7  9  80.52 97140.30
1506142481 74030374317272727248 27 15 22 32  6 12 12 12 170.94 90135.80
1506152481 82020233037302723210  7  7  9 15 22 15 12  9 120.73 54139.10
1506162481 93027271720301720188 15 12 12  6  7 15  6  7 100.63 70140.50
15061724811030303327403010 7207 15 15 18 12 27 15  4  3 140.84 80140.20
15061824811127171010202310 3120 12  6  4  4  7  9  4  2  60.31 77155.70
15061924811223 7 310 7 3 3 0 56  9  3  2  4  3  2  2  0  30.10 68141.80
150620248113 3 3 0 0 3 0 0 3 12  2  2  0  0  2  0  0  2  10.00 64139.80
150621248114 7 7 3 310372327117  3  3  2  2  4 22  9 12  70.42 61136.00
1506222481151033433047538353352  4 18 32 15 39 56236 56 571.77 56125.00
1506232481167077635357273733417132179 94 56 67 12 22 18 721.87 45119.90
1506242481174033402727302710234 27 18 27 12 12 15 12  4 160.94 36113.10
1506252481182027535057433327310  7 12 56 48 67 32 18 12 321.36 27105.20
15062624811927232027 7 7 327141 12  9  7 12  3  3  2 12  80.42 23104.60
1506272481202323271317131027153  9  9 12  5  6  5  4 12  80.42 21100.50
1506282481213033331737203013213 15 18 18  6 22  7 15  5 130.84 32100.50
150629248122131320131010 7 7 93  5  5  7  5  4  4  3  3  40.21 39100.40
150630248123102013 3 7101723103  4  7  5  2  3  4  6  9  50.21 41104.20
1507012481241310101320 7 7 7 87  5  4  4  5  7  3  3  3  40.00 37113.30
150702248125 3 3 7 3 3 3 0 3 25  2  2  3  2  2  2  0  2  20.00 52117.60
150703248126 3 3 7 3 3 3 0 3 25  2  2  3  2  2  2  0  2  20.00 61116.10
150704248127 710 31330275050190  3  4  2  5 15 12 48 48 170.94 68120.70
1507052482 15050203327232730260 48 48  7 18 12  9 12 15 211.15 75129.00
1507062482 23733271310 72310160 22 18 12  5  4  3  9  4 100.52 67137.90
1507072482 320 3 71010 71017 84  7  2  3  4  4  3  4  6  40.10 77137.10
1507082482 410 7 7 7 7101713 78  4  3  3  3  3  4  6  5  40.10 85133.20
1507092482 51020 7 710101013 87  4  7  3  3  4  4  4  5  40.10 76126.00
1507102482 6 7 7 3 3 3102347103  3  3  2  2  2  4  9 39  80.42 71133.30
1507112482 74343403330233727276 32 32 27 18 15  9 22 12 211.15 63124.30
1507122482 83023173020233027200 15  9  6 15  7  9 15 12 110.63 49119.90
1507132482 93353474033435323325 18 56 39 27 18 32 56  9 321.36 36113.80
150714248210271310 710101713107 12  5  4  3  4  4  6  5  50.21 30108.70
150715248211 717101020171323117  3  6  4  4  7  6  5  9  60.21 30104.40
1507162482123017171717171710142 15  6  6  6  6  6  6  4  70.31 34102.90
150717248213131013 710 7 7 3 70  5  4  5  3  4  3  3  2  40.10 34100.60
150718248214 0 7 310 7 313 7 50  0  3  2  4  3  2  5  3  30.00 40 99.10
150719248215 0 3 3 7 3 3 3 3 25  0  2  2  3  2  2  2  2  20.00 30102.60
150720248216 0 3 713 7 3 7 7 47  0  2  3  5  3  2  3  3  30.00 25 96.30
1507212482172323232020 72023159  9  9  9  7  7  3  7  9  80.42 25 94.00
150722248218 7 7 71717302320128  3  3  3  6  6 15  9  7  60.31 25 91.90
1507232482193340502323233327252 18 27 48  9  9  9 18 12 191.05 20 92.20
150724248220171313 720131317113  6  5  5  3  7  5  5  6  50.21 21 95.20
1507252482212313232313101723145  9  5  9  9  5  4  6  9  70.42 23 96.90
15072624822223101023 7132320129  9  4  4  9  3  5  9  7  60.31 27100.10
1507272482231717233327171723174  6  6  9 18 12  6  6  9  90.52 35103.20
1507282482241720172027131717148  6  7  6  7 12  5  6  6  70.31 43104.20
15072924822517131317171017 7111  6  5  5  6  6  4  6  3  50.21 46103.80
1507302482261713101320233733166  6  5  4  5  7  9 22 18 100.52 52105.10
1507312482272723232023233030199 12  9  9  7  9  9 15 15 100.00 48103.80
1508012483 13017132017272323170 15  6  5  7  6 12  9  9  90.52 44106.00
1508022483 23323231330271320182 18  9  9  5 15 12  5  7 100.63 36104.50
1508032483 32027171017101313127  7 12  6  4  6  4  5  5  60.31 42108.70
1508042483 41720131013101327123  6  7  5  4  5  4  5 12  60.31 62109.90
1508052483 513 7 3 713131323 92  5  3  2  3  5  5  5  9  50.21 65115.50
1508062483 62010233330232327189  7  4  9 18 15  9  9 12 100.63 75125.10
1508072483 72720432350401713233 12  7 32  9 48 27  6  5 181.05 77125.50
1508082483 81720272730202727195  6  7 12 12 15  7 12 12 100.63 64124.40
1508092483 91323233320232030185  5  9  9 18  7  9  7 15 100.63 52117.60
1508102483102727232017172313167 12 12  9  7  6  6  9  5  80.42 48109.10
150811248311272320171013 723140 12  9  7  6  4  5  3  9  70.31 54105.60
1508122483122020271023302733190  7  7 12  4  9 15 12 18 100.63 45101.90
1508132483133043201723131010166 15 32  7  6  9  5  4  4 100.63 38 97.30
150814248314 0 3 0 7 7 7 710 41  0  2  0  3  3  3  3  4  20.00 32 95.70
1508152483152317336363473343322  9  6 18 94 94 39 18 32 391.46 27 91.70
1508162483165347573327373737328 56 39 67 18 12 22 22 22 321.36 26 87.80
1508172483173340373740373727288 18 27 22 22 27 22 22 12 221.15 23 89.20
15081824831830272313 7171023150 15 12  9  5  3  6  4  9  80.42 27 90.90
1508192483193740332737332723257 22 27 18 12 22 18 12  9 181.05 34100.60
1508202483202727202333232727207 12 12  7  9 18  9 12 12 110.73 45105.30
1508212483211013201020 71310103  4  5  7  4  7  3  5  4  50.21 50121.40
15082224832217 7102333232023156  6  3  4  9 18  9  7  9  80.42 49119.60
1508232483233027534747273723291 15 12 56 39 39 12 22  9 261.26 56136.10
1508242483242717201717 713 7125 12  6  7  6  6  3  5  3  60.31 56130.60
1508252483252023201710172723157  7  9  7  6  4  6 12  9  80.42 48123.90
1508262483263033304040474747314 15 18 15 27 27 39 39 39 271.26 32128.90
1508272483274763574040474063397 39 94 67 27 27 39 27 94 521.67 38112.50
1508282484 15347303050535740360 56 39 15 15 48 56 67 27 401.57 30111.30
1508292484 24327203317272720214 32 12  7 18  6 12 12  7 130.84 39102.10
1508302484 313 710 7 3 71013 70  5  3  4  3  2  3  4  5  40.10 39 93.40
1508312484 41310 3 7 7 71317 77  5  4  2  3  3  3  5  6  40.10 24 92.70
1509012484 51310 710 7 31020 80  5  4  3  4  3  2  4  7  40.10 30 90.70
1509022484 61713 7 313232720123  6  5  3  2  5  9 12  7  60.31 25 89.80
1509032484 72027171010171727145  7 12  6  4  4  6  6 12  70.42 20 88.00
1509042484 84340403033232327259 32 27 27 15 18  9  9 12 191.05 25 91.50
1509052484 91727302327373723221  6 12 15  9 12 22 22  9 130.84 18 86.80
1509062484102327302733234023226  9 12 15 12 18  9 27  9 140.84 30 86.90
1509072484112330372747635360340  9 15 22 12 39 94 56 80 411.57 30 85.00
1509082484126053271320171030230 80 56 12  5  7  6  4 15 231.15 29 84.70
1509092484134353575353405353405 32 56 67 56 56 27 56 56 511.67 39 83.50
1509102484142710171020334030187 12  4  6  4  7 18 27 15 120.73 32 84.60
1509112484152743676053673037384 12 32111 80 56111 15 22 551.67 56 94.10
1509122484163327403327201313206 18 12 27 18 12  7  5  5 130.73 61100.40
1509132484171013172723333027180  4  5  6 12  9 18 15 12 100.63 57100.00
1509142484181717132320403327190  6  6  5  9  7 27 18 12 110.63 39100.00
1509152484194033233330302027236 27 18  9 18 15 15  7 12 150.94 47102.20
1509162484202023201023302037183  7  9  7  4  9 15  7 22 100.63 59110.60
1509172484214023202010 7 330153 27  9  7  7  4  3  2 15  90.52 52107.90
1509182484222323272730202723200  9  9 12 12 15  7 12  9 110.63 49103.80
1509192484233337433013 01030196 18 22 32 15  5  0  4 15 140.84 44106.70
1509202484243047675040472327331 15 39111 48 27 39  9 12 381.46 45111.30
1509212484253327172317131013153 18 12  6  9  6  5  4  5  80.42 54104.20
1509222484262323372020201313169  9  9 22  7  7  7  5  5  90.52 59107.80
1509232484271717303323373013200  6  6 15 18  9 22 15  5 120.73 66111.40
1509242485 1272017 710101723131 12  7  6  3  4  4  6  9  60.31 70107.40
1509252485 22017132030 7 313123  7  6  5  7 15  3  2  5  60.31105120.50
1509262485 313 3 3 3 3132013 71  5  2  2  2  2  5  7  5  40.10112120.80
1509272485 41010 7 3 3 31313 62  4  4  3  2  2  2  5  5  30.10117128.10
1509282485 510 7 0 310101013 63  4  3  0  2  4  4  4  5  30.10108124.50
1509292485 620201313 0 0 310 79  7  7  5  5  0  0  2  4  40.10 83129.60
1509302485 7 3 3 0 0 3 3 3 3 18  2  0  0  2  2  2  2  3  20.00 66115.00
1510012485 81710131027101010107  6  4  5  4 12  4  4  4  50.00 64120.00
1510022485 92330372323232013192  9 15 22  9  9  9  7  5 110.63 43107.60
1510032485102030231320202013159  7 15  9  5  7  7  7  5  80.42 35 97.00
1510042485114040402327172340250 27 27 27  9 12  6  9 27 181.05 15 88.30
1510052485123737335033 71720234 22 22 18 48 18  3  6  7 181.05 14 82.60
1510062485132337301330303743243  9 22 15  5 15 15 22 32 170.94 18 81.30
1510072485144057575047607057438 27 67 67 48 39 80132 67 661.77 23 80.40
1510082485154360574347474343383 32 80 67 32 39 39 32 32 441.57 25 79.50
1510092485163733273047434340300 22 18 12 15 39 32 32 27 251.26 18 81.00
1510102485173030331313271320179 15 15 18  5  5 12  5  7 100.63  9 81.20
1510112485183727131323233030196 22 12  5  5  9  9 15 15 120.73 21 84.30
1510122485191327233327433340239  5 12  9 18 12 32 18 27 170.94 36 88.70
1510132485202037404323374343286  7 22 27 32  9 22 32 32 231.15 45 95.20
1510142485214043403733232720263 27 32 27 22 18  9 12  7 191.05 39100.20
1510152485222320231713132030159  9  7  9  6  5  5  7 15  80.42 38106.10
1510162485232727131013 7 313113 12 12  5  4  5  3  2  5  60.31 41108.40
1510172485242027171720203313167  7 12  6  6  7  7 18  5  80.52 54115.80
1510182485253030334730302023243 15 15 18 39 15 15  7  9 170.94 52118.60
151019248526 3171310 7 3 713 73  2  6  5  4  3  2  3  5  40.10 65122.70
1510202485271720131320202723153  6  7  5  5  7  7 12  9  70.42 66121.70
1510212486 11320133733171717167  5  7  5 22 18  6  6  6  90.52 61127.80
1510222486 2131017 3 7172317107  5  4  6  2  3  6  9  6  50.21 74119.30
1510232486 323 7 7 717131320107  9  3  3  3  6  5  5  7  50.21 65113.70
1510242486 4202723 7 3 73730154  7 12  9  3  2  3 22 15  90.52 54105.20
1510252486 5201323132717 3 7123  7  5  9  5 12  6  2  3  60.31 46105.20
1510262486 6 7 0 3 3 0 0 0 3 16  3  0  2  2  0  0  0  2  10.00 54104.90
1510272486 7 3 0 7 313 0 713 46  2  0  3  2  5  0  3  5  20.00 46108.70
1510282486 8 310 0 0 0 0 0 3 16  2  4  0  0  0  0  0  2  10.00 56110.70
1510292486 9 3 0 710 7 3 720 57  2  0  3  4  3  2  3  7  30.10 64111.40
15103024861020 7 31320231330129  7  3  2  5  7  9  5 15  70.31 61119.50
151031248611 3 7 71317101727101  2  3  3  5  6  4  6 12  50.21 59116.70
1511012486121030202327131310146  4 15  7  9 12  5  5  4  70.00 59122.40
151102248613 7 0 0 72327 313 80  3  0  0  3  9 12  2  5  40.10 70120.10
1511032486142330504043374733303  9 15 48 27 32 22 39 18 261.26 57122.20
1511042486154353503750232320299 32 56 48 22 48  9  9  7 291.36 69112.00
1511052486162020333327333030226  7  7 18 18 12 18 15 15 140.84 57108.10
1511062486173713202017134040200 22  5  7  7  6  5 27 27 130.84 54113.20
1511072486184763604740303013330 39 94 80 39 27 15 15  5 391.46 57112.90
15110824861913 7 72033273740184  5  3  3  7 18 12 22 27 120.73 52105.70
1511092486204033403027333740280 27 18 27 15 12 18 22 27 211.15 45105.60
1511102486214040435353403737343 27 27 32 56 56 27 22 22 341.36 49103.30
1511112486224030333033433317259 27 15 18 15 18 32 18  6 191.05 42102.90
15111224862313 71317 710 713 87  5  3  5  6  3  4  3  5  40.10 41101.40
1511132486242013102027333033186  7  5  4  7 12 18 15 18 110.63 34100.80
1511142486253023202320131023162 15  9  7  9  7  5  4  9  80.42 27104.10
1511152486262320101710131730140  9  7  4  6  4  5  6 15  70.42 39103.50
1511162486273323232023232027192 18  9  9  7  9  9  7 12 100.63 26103.20
1511172487 117271010 7202313127  6 12  4  4  3  7  9  5  60.31 23104.60
1511182487 2 730132317273747201  3 15  5  9  6 12 22 39 140.84 21105.10
1511192487 33020173313 3 7 3126 15  7  6 18  5  2  3  2  70.42 28105.60
1511202487 4 7 72320 3 0 010 70  3  3  9  7  2  0  0  4  40.10 38108.40
1511212487 520 7 7 3 0 0 3 7 47  7  3  3  2  0  0  2  3  20.00 40119.20
1511222487 6 7 7 7 3 0 0 7 3 34  3  3  3  2  0  0  3  2  20.00 49119.90
1511232487 7 3 0 7 0 3 0 0 3 16  2  0  3  0  2  0  0  2  10.00 39116.70
1511242487 8 7 3 3 3 3 7 7 7 40  3  2  2  2  2  3  3  3  20.00 41110.30
1511252487 9 7 3 3 3 3 3 3 3 28  3  2  2  2  2  2  2  2  20.00 42106.20
151126248710 3 0 0 0 0 310 7 23  2  0  0  0  0  2  4  3  10.00 45101.20
15112724871120271717 710 710115  7 12  6  6  3  4  3  4  60.31 42 96.30
1511282487121310 71723102027127  5  4  3  6  9  4  7 12  60.31 35 94.00
151129248713 7 7171313132330123  3  3  6  5  5  5  9 15  60.31 35 92.90
1511302487143337473720132023230 18 22 39 22  7  5  7  9 160.94 32 93.10
1512012487152330102030372737213  9 15  4  7 15 22 12 22 130.84 22 91.90
1512022487162020271323231717160  7  7 12  5  9  9  6  6  80.42 34 92.60
151203248717101310 3 3 31013 67  4  5  4  2  2  2  4  5  40.10 25 91.80
151204248718102313 3 3 7 317 80  4  9  5  2  2  3  2  6  40.10 23 94.80
1512052487191313373723333330220  5  5 22 22  9 18 18 15 140.84 34 97.60
1512062487202040274343373737283  7 27 12 32 32 22 22 22 221.15 37 99.30
1512072487213337333337373723270 18 22 18 18 22 22 22  9 191.05 42103.00
1512082487223727172727131023180 22 12  6 12 12  5  4  9 100.63 41103.00
1512092487232327 31013233317150  9 12  2  4  5  9 18  6  80.42 54105.50
1512102487243350373327373740293 18 48 22 18 12 22 22 27 241.15 57105.20
1512112487254030273330433330267 27 15 12 18 15 32 18 15 191.05 57110.30
1512122487262733271720232020187 12 18 12  6  7  9  7  7 100.52 57113.10
151213248727272720201710 3 7130 12 12  7  7  6  4  2  3  70.31 56118.70
1512142488 12020 71030434753230  7  7  3  4 15 32 39 56 201.05 59120.20
1512152488 24737231730331327227 39 22  9  6 15 18  5 12 160.94 45115.20
1512162488 33730 7 3 0 3 3 7 90 22 15  3  2  0  2  2  3  60.31 43122.20
1512172488 4 7 7 3 710173020101  3  3  2  3  4  6 15  7  50.21 39114.00
1512182488 520 713 7 3 0 727 84  7  3  5  3  2  0  3 12  40.21 37113.30
1512192488 610 7 3 3 7333740140  4  3  2  2  3 18 22 27 100.63 34115.20
1512202488 73760574057636063131 22 80 67 27 67 94 80 94 661.77 15112.80
1512212488 86360504030201330306 94 80 48 27 15  7  5 15 361.46 12117.80
1512222488 92720304320102023193 12  7 15 32  7  4  7  9 120.73 50125.80
1512232488102020132023202733 53  7  7  5  7  9  7 12 18  90.52 47129.50
1512242488112723301723172023180 12  9 15  6  9  6  7  9  90.52 48128.40
1512252488122017232020172017154  7  6  9  7  7  6  7  6  70.31 52122.30
1512262488132023201330272743203  7  9  7  5 15 12 12 32 120.73 45113.50
1512272488142717232330201720177 12  6  9  9 15  7  6  7  90.52 46106.70
15122824881513 7102017 3 310 83  5  3  4  7  6  2  2  4  40.10 49108.40
15122924881617 7 3 717201717105  6  3  2  3  6  7  6  6  50.21 39101.90
151230248817 3 0 3 7 7 3 317 43  2  0  2  3  3  2  2  6  20.00 25105.00
1512312488183730334350434750100 22 15 18 32 48 32 39 48 321.36 15100.00
