2201012569242340271717303017201  9 27 12  6  6 15 15  6 120.73 32 90.80 
2201022569253017131710232333166 15  6  5  6  4  9  9 18  90.52 19 86.00 
2201032569261740333020131723193  6 27 18 15  7  5  6  9 120.73  8 81.30 
2201042569272330 713 7 0 3 3 86  9 15  3  5  3  0  2  2  50.21  8 82.70 
2201052570 1 723 0 0 713 3 0 53  3  9  0  0  3  5  2  0  30.00 17 81.00 
2201062570 2 0 0 0 0 0 3 3 0  6  0  0  0  0  0  2  2  0  00.00 24 90.60 
2201072570 3 0 0 0 0 0 3 0 0  3  0  0  0  0  0  2  0  0  00.00 32103.80 
2201082570 4 0 010 7 7134747131  0  0  4  3  3  5 39 39 120.73 35 99.10 
2201092570 53323201017132027163 18  9  7  4  6  5  7 12  80.52 39 98.70 
2201102570 62720 3 010172317117 12  7  2  0  4  6  9  6  60.31 43 98.80 
2201112570 71013 7101020 7 3 80  4  5  3  4  4  7  3  2  40.10 35 96.70 
2201122570 8 310 0 0 7 7 710 44  2  4  0  0  3  3  3  4  20.00 55 99.80 
2201132570 910 0 0 7 3 0 710 37  4  0  0  3  2  0  3  4  20.00 60102.10 
220114257010 0 0 71017204057151  0  0  3  4  6  7 27 67 140.84 69106.60 
2201152570114333232027304047263 32 18  9  7 12 15 27 39 201.05 66111.80 
2201162570124037202323234333242 27 22  7  9  9  9 32 18 170.94 70115.60 
22011725701333 7102020232330166 18  3  4  7  7  9  9 15  90.52 58109.90 
2201182570145033302023302727240 48 18 15  7  9 15 12 12 170.94 44110.80 
2201192570155350372727202330267 56 48 22 12 12  7  9 15 231.15 40101.90 
22012025701633 3 3 3 3 3 3 7 58 18  2  2  2  2  2  2  3  40.10 40 96.10 
220121257017 3 0 71027273033137  2  0  3  4 12 12 15 18  80.42 16 94.30 
2201222570182730201023231730180 12 15  7  4  9  9  6 15 100.52 15 92.20 
220123257019303020201313 3 7136 15 15  7  7  5  5  2  3  70.42 13 90.60 
220124257020 3 0 7 310 3 720 53  2  0  3  2  4  2  3  7  30.10 20 92.20 
2201252570212327302723302330213  9 12 15 12  9 15  9 15 120.73 36 97.80 
2201262570221723233017232330186  6  9  9 15  6  9  9 15 100.52 49 98.70 
22012725702310 7101017103027121  4  3  4  4  6  4 15 12  60.31 55103.90 
2201282570241317171310 72037134  5  6  6  5  4  3  7 22  70.42 52110.00 
220129257025404030333710 7 7204 27 27 15 18 22  4  3  3 150.84 48121.60 
2201302570262727302027131330187 12 12 15  7 12  5  5 15 100.63 60125.80 
2201312570272727173017231320174 12 12  6 15  6  9  5  7  90.52 51125.70 
2202012571 12017 71013 7 333110  7  6  3  4  5  3  2 18  60.31 57124.90 
2202022571 24027 7 720372010168 27 12  3  3  7 22  7  4 110.63 52124.50 
2202032571 32343505340303023292  9 32 48 56 27 15 15  9 261.26 53122.90 
2202042571 44040333740535043336 27 27 18 22 27 56 48 32 321.36 71126.00 
2202052571 53030202730303017214 15 15  7 12 15 15 15  6 120.73 68122.40 
2202062571 63730303030132727224 22 15 15 15 15  5 12 12 140.84 54120.20 
2202072571 72317101710231720137  9  6  4  6  4  9  6  7  60.31 55123.70 
2202082571 820 3 7 710131710 87  7  2  3  3  4  5  6  4  40.10 50119.80 
2202092571 9 7 0 0 7 3 0 320 40  3  0  0  3  2  0  2  7  20.00 47122.50 
2202102571103027202330475043270 15 12  7  9 15 39 48 32 221.15 48114.90 
2202112571114033204010304340256 27 18  7 27  4 15 32 27 201.05 55110.20 
2202122571123330271727273330224 18 15 12  6 12 12 18 15 140.84 39107.70 
2202132571134033232730333033249 27 18  9 12 15 18 15 18 160.94 32102.80 
22021425711427202320132013 7143 12  7  9  7  5  7  5  3  70.31 46103.90 
2202152571152020 7 3 7 7 7 3 74  7  7  3  2  3  3  3  2  40.10 59111.50 
2202162571161020131720303030170  4  7  5  6  7 15 15 15  90.52 63100.40 
22021725711723131010 7 01013 86  9  5  4  4  3  0  4  5  40.10 59 94.40 
220218257118 3 0131317132323105  2  0  5  5  6  5  9  9  50.21 32 91.10 
2202192571192727131317231723160 12 12  5  5  6  9  6  9  80.42 30 93.50 
22022025712047372317 3173017191 39 22  9  6  2  6 15  6 130.84 31 91.20 
22022125712110 7172337233030177  4  3  6  9 22  9 15 15 100.63 33 95.60 
2202222571223340473320 32017213 18 27 39 18  7  2  7  6 160.94 25 93.30 
220223257123 7 0231717201723124  3  0  9  6  6  7  6  9  60.31 25 93.50 
220224257124273023 7 0 3 017107 12 15  9  3  0  2  0  6  60.31 25 90.50 
2202252571252023273323 3 313145  7  9 12 18  9  2  2  5  80.42 15 94.20 
220226257126 0 010 3 0 0 0 3 16  0  0  4  2  0  0  0  2  10.00 18 94.70 
2202272571271017403730332013200  4  6 27 22 15 18  7  5 130.73 20 95.10 
2202282572 12023132020172010143  7  9  5  7  7  6  7  4  60.31 37 97.10 
2203012572 22020272023132317163  7  7 12  7  9  5  9  6  80.42 45 97.50 
2203022572 310 7 717 3 3 313 63  4  3  3  6  2  2  2  5  30.10 51107.60 
2203032572 410 7 3 310132323 92  4  3  2  2  4  5  9  9  50.21 55109.00 
2203042572 53323202010172333179 18  9  7  7  4  6  9 18 100.52 56111.20 
2203052572 63720203747404753301 22  7  7 22 39 27 39 56 271.26 56118.20 
2203062572 74730473030102023237 39 15 39 15 15  4  7  9 181.05 51113.90 
2203072572 82723101727201717158 12  9  4  6 12  7  6  6  80.42 59116.50 
2203082572 92723 3 3 7 01323 99 12  9  2  2  3  0  5  9  50.21 58113.60 
22030925721027 7 710 7 7 020 85 12  3  3  4  3  3  0  7  40.21 57113.10 
22031025721120 7101313233723146  7  3  4  5  5  9 22  9  80.42 58125.40 
2203112572124037402330273043270 27 22 27  9 15 12 15 32 201.05 61124.90 
2203122572134743271010 31017167 39 32 12  4  4  2  4  6 130.73 57123.10 
2203132572141710 73753575763301  6  4  3 22 56 67 67 94 401.46 55121.40 
220314257215572717171717 710169 67 12  6  6  6  6  3  4 140.84 52113.60 
220315257216 713 7 317171330107  3  5  3  2  6  6  5 15  60.31 46109.20 
22031625721710 0 71720171720108  4  0  3  6  7  6  6  7  50.21 39105.50 
22031725721817201717 7 3 0 7 88  6  7  6  6  3  2  0  3  40.10 32101.80 
22031825721920 0 0 0 7 3 3 7 40  7  0  0  0  3  2  2  3  20.00 23 96.80 
220319257220 7 32020 0 31320 86  3  2  7  7  0  2  5  7  40.10 20 93.50 
22032025722130371710 710 327141 15 22  6  4  3  4  2 12  80.52 30 94.10 
22032125722223 0 3 3 7 7 313 59  9  0  2  2  3  3  2  5  30.10 33 97.00 
220322257223202717 713173723161  7 12  6  3  5  6 22  9  90.52 29105.20 
2203232572242010201313201310119  7  4  7  5  5  7  5  4  60.21 32104.90 
2203242572253723132327171017167 22  9  5  9 12  6  4  6  90.52 32111.80 
22032525722630271320201313 7143 15 12  5  7  7  5  5  3  70.42 32110.90 
22032625722723 7 713 0173020117  9  3  3  5  0  6 15  7  60.31 39117.20 
2203272573 11720203327404033230  6  7  7 18 12 27 27 18 150.94 57129.70 
2203282573 240401310 7 3 710130 27 27  5  4  3  2  3  4  90.52 90150.30 
2203292573 31317171013202023133  5  6  6  4  5  7  7  9  60.31 88148.70 
2203302573 4 3 7 713 3171737104  2  3  3  5  2  6  6 22  60.31 69150.70 
2203312573 54747373743432023297 39 39 22 22 32 32  7  9 251.26 79239.00 
2204012573 63033273740232023233 15 18 12 22 27  9  7  9 150.84 74147.60 
2204022573 74047402023274027264 27 39 27  7  9 12 27 12 201.05 75143.20 
2204032573 8301310 317202323139 15  5  4  2  6  7  9  9  70.42 72140.20 
2204042573 937372317171720 7175 22 22  9  6  6  6  7  3 100.63 49128.00 
2204052573101720201713131010120  6  7  7  6  5  5  4  4  60.21 52122.50 
22040625731127101713 713 713107 12  4  6  5  3  5  3  5  50.21 41117.10 
2204072573121337302720232030200  5 22 15 12  7  9  7 15 120.73 34111.30 
220408257313332313 710101720133 18  9  5  3  4  4  6  7  70.42 33109.20 
22040925731437373730333727 7245 22 22 22 15 18 22 12  3 170.94 24107.50 
2204102573152767533323172027267 12111 56 18  9  6  7 12 291.36 12101.40 
22041125731637372723171317 7178 22 22 12  9  6  5  6  3 110.63  7 99.20 
2204122573172310 02037373027184  9  4  0  7 22 22 15 12 110.73  9 97.40 
2204132573183030331310 3 017136 15 15 18  5  4  2  0  6  80.42 21 99.20 
2204142573193037404743605740354 15 22 27 39 32 80 67 27 391.46 25104.80 
2204152573205043334037372023283 48 32 18 27 22 22  7  9 231.15 29111.00 
2204162573211713101030231723143  6  5  4  4 15  9  6  9  70.42 36125.50 
2204172573222730202023301723190 12 15  7  7  9 15  6  9 100.63 55135.90 
22041825732313232323 7233313158  5  9  9  9  3  9 18  5  80.52 66141.60 
2204192573243023171720 7 3 7124 15  9  6  6  7  3  2  3  60.31 63161.50 
22042025732533172013 3131733149 18  6  7  5  2  5  6 18  80.52 63167.00 
2204212573262727302030172013184 12 12 15  7 15  6  7  5 100.63 71166.00 
2204222573271323101713171713123  5  9  4  6  5  6  6  5  60.31 72164.20 
2204232574 12317133330232737203  9  6  5 18 15  9 12 22 120.73 85161.50 
2204242574 2231720 7 713 7 3 97  9  6  7  3  3  5  3  2  50.21 83160.30 
2204252574 3 3 71320 71020 7 87  2  3  5  7  3  4  7  3  40.10 73158.50 
2204262574 4 0 0 7 310 7 3 3 33  0  0  3  2  4  3  2  2  20.00 83150.80 
2204272574 51717131353433040226  6  6  5  5 56 32 15 27 191.05 88143.40 
2204282574 63733372020233030230 22 18 22  7  7  9 15 15 140.84 89134.10 
2204292574 73737202327232717211 22 22  7  9 12  9 12  6 120.73 66125.30 
2204302574 84343302720271723230 32 32 15 12  7 12  6  9 160.94 78121.50 
2205012574 92727231313131320149 12 12  9  5  5  5  5  7  80.42 25110.60 
2205022574102713 7 0 3131710 90 12  5  3  0  2  5  6  4  50.21 23113.70 
2205032574112020171017101023127  7  7  6  4  6  4  4  9  60.31 57115.60 
2205042574121317202013 31023119  5  6  7  7  5  2  4  9  60.31 54132.30 
220505257413 71310 0 3101310 66  3  5  4  0  2  4  5  4  30.10 50122.00 
220506257414 0 32013101710 3 76  0  2  7  5  4  6  4  2  40.10 52121.30 
220507257415 0 0 0 3 7 0 010 20  0  0  0  2  3  0  0  4  10.00 43120.20 
2205082574162010101320131017113  7  4  4  5  7  5  4  6  50.21 53121.40 
220509257417233020131010 7 3116  9 15  7  5  4  4  3  2  60.31 50119.30 
220510257418 0 7 0 01310 310 43  0  3  0  0  5  4  2  4  20.00 36118.10 
2205112574191710 7 010172020101  6  4  3  0  4  6  7  7  50.21 56135.60 
220512257420232010 327272317150  9  7  4  2 12 12  9  6  80.42 79135.70 
2205132574211710101317132030130  6  4  4  5  6  5  7 15  60.31 86152.60 
22051425742217101313 7272020127  6  4  5  5  3 12  7  7  60.31 89155.90 
2205152574233737231723271710191 22 22  9  6  9 12  6  4 110.63100156.90 
2205162574241330302720201710167  5 15 15 12  7  7  6  4  90.52100165.30 
220517257425 730302733232320193  3 15 15 12 18  9  9  7 110.63101174.70 
2205182574263017 713 7101020114 15  6  3  5  3  4  4  7  60.31 88184.00 
2205192574272727271720132023174 12 12 12  6  7  5  7  9  90.52 97177.30 
2205202575 11727172320332033190  6 12  6  9  7 18  7 18 100.63 95169.50 
2205212575 22727231323332310179 12 12  9  5  9 18  9  4 100.52103170.80 
2205222575 33727302023171710181 22 12 15  7  9  6  6  4 100.63113168.80 
2205232575 413132317 3 3 0 0 72  5  5  9  6  2  2  0  0  40.10102162.20 
2205242575 5 713 01013 3 3 7 56  3  5  0  4  5  2  2  3  30.10 94150.60 
2205252575 617201717 3101313110  6  7  6  6  2  4  5  5  50.21 71140.10 
2205262575 7 7131010101013 7 80  3  5  4  4  4  4  5  3  40.10 55126.00 
2205272575 8 3 7102047403043200  2  3  4  7 39 27 15 32 160.94 39116.70 
2205282575 95050473320131023246 48 48 39 18  7  5  4  9 221.15 25104.50 
2205292575103030332730333030243 15 15 18 12 15 18 15 15 150.94 27101.10 
22053025751133231720 7172023160 18  9  6  7  3  6  7  9  80.42 39103.40 
2205312575123323131720202713166 18  9  5  6  7  7 12  5  90.52 67100.70 
220601257513232313171010 310109  9  9  5  6  4  4  2  4  50.21 45107.10 
220602257514 7 7 31013 71017 74  3  3  2  4  5  3  4  6  40.10 43103.80 
22060325751510 710 7 7 3 717 68  4  3  4  3  3  2  3  6  40.10 40103.60 
220604257516 3 710 3 3 3 7 3 39  2  3  4  2  2  2  3  2  20.00 48103.90 
220605257517 7 7 71010 717 7 72  3  3  3  4  4  3  6  3  40.10 34101.60 
2206062575181717133323202330176  6  6  5 18  9  7  9 15  90.52 25 99.30 
2206072575192023172310101020133  7  9  6  9  4  4  4  7  60.31 10101.30 
22060825752020 3 717 3 32013 86  7  2  3  6  2  2  7  5  40.10  0102.90 
2206092575211713 7101310 717 94  6  5  3  4  5  4  3  6  40.21 16109.60 
22061025752220 7 71317 3 3 7 77  7  3  3  5  6  2  2  3  40.10 34113.90 
2206112575232320301013171317143  9  7 15  4  5  6  5  6  70.42 27115.60 
2206122575241323172327332717180  5  9  6  9 12 18 12  6 100.52 40125.10 
2206132575253747231720272017208 22 39  9  6  7 12  7  6 140.84 71135.60 
2206142575262017171317171327141  7  6  6  5  6  6  5 12  70.31 92150.10 
2206152575271730373343401723240  6 15 22 18 32 27  6  9 170.94111144.50 
2206162576 11323232330172040189  5  9  9  9 15  6  7 27 110.63113151.40 
2206172576 23023233030173323209 15  9  9 15 15  6 18  9 120.73114153.70 
2206182576 333302023 7133343202 18 15  7  9  3  5 18 32 130.84114144.70 
2206192576 437302027202313 7177 22 15  7 12  7  9  5  3 100.63 83148.20 
2206202576 51310232333273010169  5  4  9  9 18 12 15  4 100.52 68141.00 
2206212576 61717132717131327144  6  6  5 12  6  5  5 12  70.42 71143.30 
2206222576 72317302323132723179  9  6 15  9  9  5 12  9  90.52 68132.90 
2206232576 83027232313133023182 15 12  9  9  5  5 15  9 100.63 50125.50 
2206242576 923 7 3 3 7133030116  9  3  2  2  3  5 15 15  70.31 49119.20 
2206252576103017231720274347224 15  6  9  6  7 12 32 39 160.94 34111.70 
2206262576114723204343304037283 39  9  7 32 32 15 27 22 231.15 23105.40 
220627257612404023 7 7 01320150 27 27  9  3  3  0  5  7 100.63 39101.40 
2206282576131323201710 72033143  5  9  7  6  4  3  7 18  70.42 48 99.30 
2206292576141713172017 3 3 7 97  6  5  6  7  6  2  2  3  50.21 26 99.40 
220630257615131010 713 3 7 7 70  5  4  4  3  5  2  3  3  40.10 34 98.90 
22070125761610 3 3 7 7102733100  4  2  2  3  3  4 12 18  60.31 43101.30 
220702257617404743231723 727227 27 39 32  9  6  9  3 12 170.94 47103.60 
22070325761820 0 71317102030117  7  0  3  5  6  4  7 15  60.31 39105.70 
2207042576193043403027333323259 15 32 27 15 12 18 18  9 181.05 43107.90 
220705257620 3 3 3 3 3 7 7 7 36  2  2  2  2  2  3  3  3  20.00 57113.10 
22070625762110 71313 71310 0 73  4  3  5  5  3  5  4  0  40.10 59118.40 
220707257622 3 7202753373337217  2  3  7 12 56 22 18 22 181.05 68125.30 
2207082576235347333030172717254 56 39 18 15 15  6 12  6 211.15 63133.90 
2207092576241010 3 727171317104  4  4  2  3 12  6  5  6  50.21 68141.50 
220710257625 310272020131310116  2  4 12  7  7  5  5  4  60.31 77158.20 
220711257626 7 3102320274033163  3  2  4  9  7 12 27 18 100.63 90166.40 
2207122576272723333747303023250 12  9 18 22 39 15 15  9 170.94 79170.40 
2207132577 113 710101310 7 0 70  5  3  4  4  5  4  3  0  40.10 87170.30 
2207142577 2 3 3 3 713101310 62  2  2  2  3  5  4  5  4  30.10 89174.60 
2207152577 31720 31023172027137  6  7  2  4  9  6  7 12  70.31 95177.00 
2207162577 420233020 7 3 7 7117  7  9 15  7  3  2  3  3  60.31109182.00 
2207172577 510 3 7 7 7 31710 64  4  2  3  3  3  2  6  4  30.10103166.50 
2207182577 6 710172723102330147  3  4  6 12  9  4  9 15  80.42 90154.30 
2207192577 72337434047374337307  9 22 32 27 39 22 32 22 261.26 77148.80 
2207202577 82023 71317101317120  7  9  3  5  6  4  5  6  60.31 99136.50 
2207212577 920 7132730534733230  7  3  5 12 15 56 39 18 191.05 82125.60 
2207222577103723272313231727190 22  9 12  9  5  9  6 12 100.63 72118.40 
2207232577114357372020 71327224 32 67 22  7  7  3  5 12 191.05 72114.10 
2207242577122723201313232317159 12  9  7  5  5  9  9  6  80.42 58110.50 
2207252577132717 3 71010 720101 12  6  2  3  4  4  3  7  50.21 59105.50 
2207262577143320 7171710 720131 18  7  3  6  6  4  3  7  70.31 59101.90 
2207272577152323172020232027173  9  9  6  7  7  9  7 12  80.42 41101.10 
2207282577161720231023171310133  6  7  9  4  9  6  5  4  60.31 31 96.30 
22072925771710 7 3 3 7101317 70  4  3  2  2  3  4  5  6  40.10 32 95.90 
2207302577181713101323201023129  6  5  4  5  9  7  4  9  60.31 32 93.60 
2207312577191713131730402027177  6  5  5  6 15 27  7 12 100.63 25 97.10 
2208012577202723171320101720147 12  9  6  5  7  4  6  7  70.42 18 98.20 
2208022577212020202013232323162  7  7  7  7  5  9  9  9  80.42 25100.70 
2208032577222723171313172020150 12  9  6  5  5  6  7  7  70.42 27102.80 
2208042577231713131017172013120  6  5  5  4  6  6  7  5  60.21 32111.90 
2208052577243020 3 3 710 317 93 15  7  2  2  3  4  2  6  50.21 53115.40 
22080625772510 3 3 3 3 3 310 38  4  2  2  2  2  2  2  4  20.00 54119.70 
2208072577261020233740404057267  4  7  9 22 27 27 27 67 241.15 62119.40 
2208082577275043474030233737307 48 32 39 27 15  9 22 22 271.26 61116.20 
2208092578 12737334033333320256 12 22 18 27 18 18 18  7 181.05 44112.40 
2208102578 22030172727303327211  7 15  6 12 12 15 18 12 120.73 46110.50 
2208112578 32317233330404033239  9  6  9 18 15 27 27 18 160.94 52117.90 
2208122578 4231023202010 3 7116  9  4  9  7  7  4  2  3  60.31 75122.70 
2208132578 51023202320232323165  4  9  7  9  7  9  9  9  80.42 86127.50 
2208142578 62723171313 7 3 7110 12  9  6  5  5  3  2  3  60.31 85128.80 
2208152578 7101313132017 7 7100  4  5  5  5  7  6  3  3  50.21 81134.00 
2208162578 81013 710 7 3 013 63  4  5  3  4  3  2  0  5  30.10 94131.70 
2208172578 91730102327436357270  6 15  4  9 12 32 94 67 301.36 83125.70 
2208182578102723332750535047310 12  9 18 12 48 56 48 39 301.36 69119.40 
2208192578113333202023405040259 18 18  7  7  9 27 48 27 201.05 67107.90 
22082025781240302710 3 73037184 27 15 12  4  2  3 15 22 120.73 55103.90 
2208212578133023203027403020220 15  9  7 15 12 27 15  7 130.84 42 99.20 
22082225781430271317 71013 7124 15 12  5  6  3  4  5  3  70.31 49104.90 
220823257815 7 3 0 7 3 3 320 46  3  2  0  3  2  2  2  7  30.00 39103.20 
220824257816 7 7 310 7 7 7 7 55  3  3  2  4  3  3  3  3  30.10 44110.20 
22082525781710 310101310 020 76  4  2  4  4  5  4  0  7  40.10 68120.30 
220826257818 710 7 7 7 7 713 65  3  4  3  3  3  3  3  5  30.10 68121.20 
2208272578191713 73040273030194  6  5  3 15 27 12 15 15 120.73 68130.20 
22082825782017131330171717 7131  6  5  5 15  6  6  6  3  60.31 62154.00 
2208292578212040272730132310190  7 27 12 12 15  5  9  4 110.73 53133.10 
2208302578222340273323132330212  9 27 12 18  9  5  9 15 130.73 36128.10 
2208312578233030131723202343199 15 15  5  6  9  7  9 32 120.73 32115.50 
2209012578242733232310101313152 12 18  9  9  4  4  5  5  80.42 40118.40 
22090225782513 7172323 71037137  5  3  6  9  9  3  4 22  80.42 42132.10 
2209032578265033333733273347293 48 18 18 22 18 12 18 39 241.26 45125.60 
2209042578275357606347574753437 56 67 80 94 39 67 39 56 621.77 47130.40 
2209052579 15047404737474043351 48 39 27 39 22 39 27 32 341.36 54132.40 
2209062579 24340303027303737274 32 27 15 15 12 15 22 22 201.05 54128.20 
2209072579 33023303030303013216 15  9 15 15 15 15 15  5 130.73 65128.10 
2209082579 42340403030272743260  9 27 27 15 15 12 12 32 191.05 60128.50 
2209092579 5402027372717 723198 27  7 12 22 12  6  3  9 120.73 68128.00 
2209102579 62720332027333317210 12  7 18  7 12 18 18  6 120.73 78137.70 
2209112579 73017132020302013163 15  6  5  7  7 15  7  5  80.52 88153.50 
2209122579 82727272013 313 7137 12 12 12  7  5  2  5  3  70.42 96152.30 
2209132579 9 0 713 7 7 7 0 7 48  0  3  5  3  3  3  0  3  20.00 72155.90 
22091425791010 7171317132740144  4  3  6  5  6  5 12 27  80.52 62146.00 
22091525791137 7 7 31020 7 7 98 22  3  3  2  4  7  3  3  60.31 68141.30 
220916257912 3131313 313 310 71  2  5  5  5  2  5  2  4  40.10 59132.50 
220917257913 7 0 71317 31020 77  3  0  3  5  6  2  4  7  40.10 59132.80 
2209182579142020272733232020190  7  7 12 12 18  9  7  7 100.63 49137.40 
2209192579152717102030332030187 12  6  4  7 15 18  7 15 100.63 47129.10 
2209202579162323131017132720146  9  9  5  4  6  5 12  7  70.42 45138.40 
22092125791720 3172010 7 010 87  7  2  6  7  4  3  0  4  40.10 57138.00 
220922257918 3 710 317131330 96  2  3  4  2  6  5  5 15  50.21 72137.70 
2209232579192013302723272027187  7  5 15 12  9 12  7 12 100.63 81147.30 
2209242579202037173027302723211  7 22  6 15 12 15 12  9 120.73 95147.40 
220925257921132017131710 017107  5  7  6  5  6  4  0  6  50.21 89135.50 
22092625792217 3 01310 3 733 86  6  2  0  5  4  2  3 18  50.21 86135.80 
2209272579235343204033202330262 56 32  7 27 18  7  9 15 211.15 71135.10 
22092825792413 7 3 0 7131313 69  5  3  2  0  3  5  5  5  40.10 58135.30 
22092925792510 3272020201013123  4  2 12  7  7  7  4  5  60.31 48137.70 
22093025792627373730371710 7202 12 22 22 15 22  6  4  3 130.84 50137.50 
221001257927 7 0 3 3 01310 7 43  3  0  2  2  0  5  4  3  20.00 67148.30 
2210022580 12017132020302347190  7  6  5  7  7 15  9 39 120.73 87154.10 
2210032580 23733301343375730280 22 18 15  5 32 22 67 15 241.26110155.30 
2210042580 33037432013134330229 15 22 32  7  5  5 32 15 170.94110152.50 
2210052580 42333302020273333219  9 18 15  7  7 12 18 18 130.73 99161.00 
2210062580 52327332330374333249  9 12 18  9 15 22 32 18 170.94102155.60 
2210072580 64040302730331010220 27 27 15 12 15 18  4  4 150.94108159.50 
2210082580 71330302030273017197  5 15 15  7 15 12 15  6 110.63102156.90 
2210092580 84040333337434037303 27 27 18 18 22 32 27 22 241.26 85160.10 
2210102580 92333203010171323169  9 18  7 15  4  6  5  9  90.52 78162.70 
221011258010301710 713 71023117 15  6  4  3  5  3  4  9  60.31 68149.80 
22101225801113 0 3 720102317 93  5  0  2  3  7  4  9  6  40.21 68140.00 
22101325801213 710 310 31017 73  5  3  4  2  4  2  4  6  40.10 54129.40 
2210142580132327374040301327237  9 12 22 27 27 15  5 12 160.94 54119.90 
2210152580144730172717304020228 39 15  6 12  6 15 27  7 160.94 28114.40 
2210162580153017233337272337227 15  6  9 18 22 12  9 22 140.84 43118.40 
22101725801610 7 3 01330 0 7 70  4  3  2  0  5 15  0  3  40.10 48124.80 
221018258017 7 3131310201723106  3  2  5  5  4  7  6  9  50.21 34113.10 
221019258018131710 7 7 0 713 74  5  6  4  3  3  0  3  5  40.10 31112.30 
22102025801910 3102030131023119  4  2  4  7 15  5  4  9  60.31 22114.80 
221021258020 7101313 0 31713 76  3  4  5  5  0  2  6  5  40.10 36108.40 
2210222580212020273340575030277  7  7 12 18 27 67 48 15 251.26 43103.90 
2210232580223023201317374340223 15  9  7  5  6 22 32 27 150.94 34104.40 
2210242580232727201317 3 713127 12 12  7  5  6  2  3  5  60.31 34113.60 
221025258024 7 713171020 0 3 77  3  3  5  6  4  7  0  2  40.10 50115.00 
221026258025 3 0 0 3 7131727 70  2  0  0  2  3  5  6 12  40.10 52120.90 
2210272580262017172730272017175  7  6  6 12 15 12  7  6  90.52 55128.10 
2210282580272023272023403043226  7  9 12  7  9 27 15 32 150.84 57127.70 
2210292581 14037474340333333306 27 22 39 32 27 18 18 18 251.26 56132.10 
2210302581 22030202723202723190  7 15  7 12  9  7 12  9 100.52 51128.70 
2210312581 33033302023372017210 15 18 15  7  9 22  7  6 120.73 39126.00 
2211012581 410 7332720 71713134  4  3 18 12  7  3  6  5  70.42 54126.10 
2211022581 52333272023403320219  9 18 12  7  9 27 18  7 130.84 60127.70 
2211032581 63020304343503343292 15  7 15 32 32 48 18 32 251.26 49123.30 
2211042581 73737333027272027238 22 22 18 15 12 12  7 12 150.84 63115.70 
2211052581 83037172720131010164 15 22  6 12  7  5  4  4  90.52 69128.80 
2211062581 9 71010 7 3 3 310 53  3  4  4  3  2  2  2  4  30.10 54128.50 
2211072581101013173343505020236  4  5  6 18 32 48 48  7 211.15 60132.10 
2211082581112333272727171317184  9 18 12 12 12  6  5  6 100.63 60129.80 
22110925811227332013 7 0 0 3103 12 18  7  5  3  0  0  2  60.31 59135.00 
221110258113 0 0 0 0 0 0 3 3  6  0  0  0  0  0  0  2  2  00.00 51136.00 
221111258114 010232020272027147  0  4  9  7  7 12  7 12  70.42 45134.90 
221112258115272317 7 3 3 0 0 80 12  9  6  3  2  2  0  0  40.10 54135.40 
2211132581161327101320201710130  5 12  4  5  7  7  6  4  60.31 70134.10 
221114258117 0 3131710 713 3 66  0  2  5  6  4  3  5  2  30.10 59138.50 
221115258118 710 3 3 3 0 3 3 32  3  4  2  2  2  0  2  2  20.00 54131.30 
221116258119 3 0 0 7 01013 7 40  2  0  0  3  0  4  5  3  20.00 50130.00 
221117258120 3 7 0 0 7 0 0 7 24  2  3  0  0  3  0  0  3  10.00 36116.50 
221118258121 7 0 71013173030114  3  0  3  4  5  6 15 15  60.31 33113.40 
22111925812223 0101310 3 710 76  9  0  4  5  4  2  3  4  40.10 45112.40 
221120258123 7 7 0 0 7232723 94  3  3  0  0  3  9 12  9  50.21 54116.30 
2211212581243337202017131013163 18 22  7  7  6  5  4  5  90.52 50114.20 
221122258125 7 7 3 3 310 3 0 36  3  3  2  2  2  4  2  0  20.00 41112.90 
221123258126 0 0 3 0 7 7 7 3 27  0  0  2  0  3  3  3  2  20.00 43110.50 
221124258127131717 713 31327110  5  6  6  3  5  2  5 12  60.21 45106.90 
2211252582 12333403033303337259  9 18 27 15 18 15 18 22 181.05 41105.70 
2211262582 24030332333303030249 27 15 18  9 18 15 15 15 160.94 48104.30 
2211272582 32733232033304027233 12 18  9  7 18 15 27 12 150.84 43104.40 
2211282582 44750302710174337261 39 48 15 12  4  6 32 22 221.15 36104.10 
2211292582 54033373340433323282 27 18 22 18 27 32 18  9 211.15 21105.00 
2211302582 63033274740275333290 15 18 12 39 27 12 56 18 251.26 21108.00 
2212012582 72747373740403737302 12 39 22 22 27 27 22 22 241.26 35115.40 
2212022582 83033303023303023229 15 18 15 15  9 15 15  9 140.84 54120.60 
2212032582 92333232313272013175  9 18  9  9  5 12  7  5  90.52 64130.00 
2212042582102020132327434040226  7  7  5  9 12 32 27 27 160.94 68139.60 
221205258211 0232317231713 3119  0  9  9  6  9  6  5  2  60.31 76145.40 
221206258212 313 31013 7 7 3 59  2  5  2  4  5  3  3  2  30.10 84140.00 
2212072582131713 72747433330217  6  5  3 12 39 32 18 15 160.94 93143.60 
2212082582142027201310102037157  7 12  7  5  4  4  7 22  80.52 91138.80 
2212092582154020203017131713170 27  7  7 15  6  5  6  5 100.52 86144.60 
2212102582163023 727 7202717158 15  9  3 12  3  7 12  6  80.52 90137.40 
2212112582172027201720301327174  7 12  7  6  7 15  5 12  90.52106143.20 
2212122582182713 3 3 7 71320 93 12  5  2  2  3  3  5  7  50.21112146.20 
22121325821923 3 3 3 7 7 3 7 56  9  2  2  2  3  3  2  3  30.10111148.30 
221214258220 313 7 3 3171720 83  2  5  3  2  2  6  6  7  40.10106159.60 
22121525822117171710101013 7101  6  6  6  4  4  4  5  3  50.21102160.70 
2212162582222313 0 3 3 31310 68  9  5  0  2  2  2  5  4  40.10 88158.00 
2212172582231017 0 3 0 0 3 0 33  4  6  0  2  0  0  2  0  20.00 93149.70 
221218258224 3 3 010 7 71323 66  2  2  0  4  3  3  5  9  40.10 90150.70 
2212192582252040301717131717171  7 27 15  6  6  5  6  6 100.52 84147.50 
221220258226131010 7 3101723 93  5  4  4  3  2  4  6  9  50.21 81141.70 
2212212582271717272020331317164  6  6 12  7  7 18  5  6  80.52 71134.20 
2212222583 110 0132033334027176  4  0  5  7 18 18 27 12 110.73 70127.00 
2212232583 23720372743372347271 22  7 22 12 32 22  9 39 211.15 57123.60 
2212242583 33047403733433033293 15 39 27 22 18 32 15 18 231.15 65129.00 
2212252583 43030101020171727161 15 15  4  4  7  6  6 12  90.52 80139.30 
2212262583 52723334357431717260 12  9 18 32 67 32  6  6 231.15 81145.50 
2212272583 64047474040472320304 27 39 39 27 27 39  9  7 271.26 66153.80 
2212282583 7231713 7 7 7 310 87  9  6  5  3  3  3  2  4  40.21 73155.10 
2212292583 8 0 3172027332740167  0  2  6  7 12 18 12 27 100.63 86157.40 
2212302583 94740403743434333327 39 27 27 22 32 32 32 18 291.36 88172.40 
2212312583103323403740404337293 18  9 27 22 27 27 32 22 230.00 87159.50 
