200101254222 0 0 0 7 7131010 47  0  0  0  3  3  5  4  4  2 .00  5 69.40 
200102254223 0 0 3 7 3 71013 43  0  0  2  3  2  3  4  5  2 .00  8 69.50 
2001032542241010272310 7 313103  4  4 12  9  4  3  2  5  5 .21 10 68.90 
20010425422513 7 71010202320110  5  3  3  4  4  7  9  7  5 .21  9 69.80 
2001052542261313171020233323152  5  5  6  4  7  9 18  9  8 .42  9 69.40 
200106254227333017 7 0 72717138 18 15  6  3  0  3 12  6  8 .42  8 68.10 
2001072543 11017 7 3 7101323 90  4  6  3  2  3  4  5  9  4 .21  0 69.30 
2001082543 21010 3 717271723114  4  4  2  3  6 12  6  9  6 .31  0 71.20 
2001092543 32730372320272017201 12 15 22  9  7 12  7  6 11 .63 10 71.90 
2001102543 41310272317171010127  5  4 12  9  6  6  4  4  6 .31  0 70.40 
2001112543 520202013 313 710106  7  7  7  5  2  5  3  4  5 .21  0 71.00 
2001122543 61717 7 7 7 0 3 3 61  6  6  3  3  3  0  2  2  3 .10  0 69.50 
2001132543 7 7 7 7 3 3 0 710 44  3  3  3  2  2  0  3  4  2 .00  0 69.10 
2001142543 8 7 3 3 7 0 3 0 3 26  3  2  2  3  0  2  0  2  2 .00  0 69.50 
2001152543 9 7 0 3 7 3 3 3 7 33  3  3  2  3  2  2  2  3  2 .00  0 69.28 
200116254310 7231713 7 7 3 7 84  3  9  6  5  3  3  2  3  4 .10  0 69.40 
20011725431110 3 7 0 31310 3 49  4  2  3  0  2  5  4  2  3 .00  0 67.90 
200118254312131310 0 3 3 3 7 52  5  5  4  0  2  2  2  3  3 .10  0 69.00 
200119254313 310 0 3 0 3 3 3 25  2  4  0  2  0  2  2  2  2 .00  0 69.50 
200120254314 3 3 3 0 0 0 3 3 15  2  2  2  0  0  0  2  2  1 .00  0 69.00 
200121254315 0 0 71313232320 99  0  0  3  5  5  9  9  7  5 .21  0 68.30 
20012225431617231310 7 31330116  6  9  5  4  3  2  5 15  6 .31  0 69.60 
2001232543171723 3 3 0 31310 72  6  9  2  2  0  2  5  4  4 .10  0 68.60 
20012425431810 0 0 0 3 3 3 3 22  4  0  0  0  2  2  2  2  2 .00  7 68.80 
200125254319 323 7 3 3 0 3 3 45  2  9  3  2  2  0  2  2  3 .00  7 70.40 
20012625432013 7 0 0 71710 3 57  5  3  0  0  3  6  4  2  3 .10 14 72.40 
200127254321 3 710 3 3 0 3 0 29  2  3  4  2  2  0  2  0  2 .00  9 70.70 
200128254322101310 3 0 31030 79  4  5  4  2  0  2  4 15  4 .21  9 72.00 
20012925432333331713 0131320142 18 18  6  5  0  5  5  7  8 .42  8 72.00 
2001302543242027231723303327200  7 12  9  6  9 15 18 12 11 .63  8 71.90 
2001312543252333172310 3 020129  9 18  6  9  4  2  2  7  7 .00  9 71.70 
20020125432610 3 7 720171723104  4  2  3  3  7  6  6  9  5 .21  7 70.40 
20020225432723 3131320171720126  9  2  5  5  7  6  6  7  5 .00  0 71.32 
2002032544 1172010 3 3 710 3 73  6  7  4  2  2  3  4  2  4 .10  0 70.00 
2002042544 217171010 7101727115  6  6  4  4  3  4  6 12  6 .31  0 68.30 
2002052544 31320131710 7 7 3 90  5  7  5  6  4  3  3  2  4 .21  0 68.60 
2002062544 4 727402727234030221  3 12 27 12 12  9 27 15 15 .84  0 69.30 
2002072544 53030301327272733217 15 15 15  5 12 12 12 18 13 .73  0 68.90 
2002082544 62713101017131013113 12  5  4  4  6  5  4  5  6 .31  0 70.00 
2002092544 730171310 7171720131 15  6  5  4  3  6  6  7  6 .31  0 68.80 
2002102544 817131713 7 3 713 90  6  5  6  5  3  2  3  5  4 .21  0 68.30 
2002112544 9273013 3 0 0 713 93 12 15  5  2  0  0  3  5  5 .21  0 69.30 
20021225441017171320 3 0 010 80  6  6  5  7  2  0  0  4  4 .10  0 69.80 
200213254411 7 0 3 7 0 3 717 44  3  0  2  3  0  2  3  6  2 .00  0 69.40 
2002142544121710 3 0 0 0 0 7 37  6  4  2  0  0  0  0  3  2 .00  0 69.50 
200215254413 7 0 02023101010 80  3  0  0  7  9  4  4  4  4 .10  0 68.80 
20021625441420 7 0 7 3 0 3 3 43  7  3  0  3  2  0  2  2  2 .00  0 68.80 
20021725441513 713 710132730120  5  3  5  3  4  5 12 15  6 .31  0 69.00 
2002182544161027372330303327217  4 12 22  9 15 15 18 12 13 .84  0 69.40 
2002192544172340333317171017190  9 27 18 18  6  6  4  6 12 .73  0 69.40 
2002202544182323171017102327150  9  9  6  4  6  4  9 12  7 .42  0 69.20 
2002212544193727273317301733221 22 12 12 18  6 15  6 18 14 .84  0 69.60 
2002222544202720131713202720157 12  7  5  6  5  7 12  7  8 .42  0 70.70 
200223254421 7 3 7 7 3102323 83  3  2  3  3  2  4  9  9  4 .21  0 68.80 
2002242544222017 0 3 3 0 713 63  7  6  0  2  2  0  3  5  3 .10  0 68.70 
20022525442317 3 3 0 7 0 0 3 33  6  2  2  0  3  0  0  2  2 .00  0 69.10 
200226254424 7 3 7 0 7 72013 64  3  2  3  0  3  3  7  5  3 .10  0 68.70 
20022725442517 0 310 7 3 7 7 54  6  0  2  4  3  2  3  3  3 .10  0 69.60 
200228254426171710171710 723118  6  6  4  6  6  4  3  9  6 .21  0 69.30 
2002292544272013202320272023166  7  5  7  9  7 12  7  9  8 .42  0 68.80 
2003012545 133131323 7 3 313108 18  5  5  9  3  2  2  5  6 .31  0 68.10 
2003022545 217 7 0102010 310 77  6  3  0  4  7  4  2  4  4 .10  0 68.10 
2003032545 3201010132020 723123  7  4  4  5  7  7  3  9  6 .31  0 68.80 
2003042545 4 013101017301713110  0  5  4  4  6 15  6  5  6 .31  0 68.70 
2003052545 51010101013 7 7 0 67  4  4  4  4  5  3  3  0  3 .10  0 68.30 
2003062545 610 313201713 0 0 76  4  2  5  7  6  5  0  0  4 .10  0 68.90 
2003072545 7 310131020 7 3 3 69  2  4  5  4  7  3  2  2  4 .10  0 68.80 
2003082545 8131713 3 3131717 96  5  6  5  2  2  5  6  6  5 .21 10 69.20 
2003092545 9 320171010131710100  2  7  6  4  4  5  6  4  5 .21  9 69.80 
20031025451020 313 7 7 7 013 70  7  2  5  3  3  3  0  5  4 .10  0 69.80 
20031125451117 3 3 7 7 3 0 3 43  6  2  2  3  3  2  0  2  2 .00  0 69.60 
2003122545121013171013172710117  4  5  6  4  5  6 12  4  6 .31  0 69.10 
2003132545132027202010171010134  7 12  7  7  4  6  4  4  6 .31  0 67.90 
200314254514 3 0 3 7 7 310 3 36  2  0  2  3  3  2  4  2  2 .00  0 67.40 
200315254515 3 3 31710 71717 77  2  2  2  6  4  3  6  6  4 .10  0 69.50 
20031625451620 3 713131017 7 90  7  2  3  5  5  4  6  3  4 .21  0 69.10 
20031725451720 3131713171017110  7  2  5  6  5  6  4  6  5 .21  0 70.90 
200318254518 3 7 7 317233017107  2  3  3  2  6  9 15  6  6 .31  0 71.40 
200319254519432323202317 717173 32  9  9  7  9  6  3  6 10 .63  0 71.50 
200320254520271320 0 7202027134 12  5  7  0  3  7  7 12  7 .31  0 71.10 
2003212545211723302013171017147  6  9 15  7  5  6  4  6  7 .42  0 70.30 
2003222545222323131017172017140  9  9  5  4  6  6  7  6  6 .31  0 69.80 
2003232545232333172723173323196  9 18  6 12  9  6 18  9 11 .63  0 69.90 
200324254524271010 7 0 0 0 3 57 12  4  4  3  0  0  0  2  3 .10  0 70.80 
20032525452517 0 3 710 0 320 60  6  0  2  3  4  0  2  7  3 .10  0 70.90 
20032625452610 3 7101017 727 91  4  2  3  4  4  6  3 12  5 .21  0 69.90 
200327254527201310 7102017 3100  7  5  4  3  4  7  6  2  5 .21  0 69.20 
2003282546 1 0 7131713 31323 89  0  3  5  6  5  2  5  9  4 .21  0 69.00 
2003292546 210 3202030231710133  4  2  7  7 15  9  6  4  7 .31  0 68.60 
2003302546 31320131013303337169  5  7  5  4  5 15 18 22 10 .63  0 69.10 
2003312546 43340372027202030227 18 27 22  7 12  7  7 15 14 .00  0 69.80 
2004012546 5202713 7 0101020107  7 12  5  3  0  4  4  7  5 .00  9 69.20 
2004022546 61323171310171317123  5  9  6  5  4  6  5  6  5 .00  8 69.37 
2004032546 72323 7 7 7132037137  9  9  3  3  3  5  7 22  8 .42  9 70.00 
2004042546 820 3 313 3 71317 79  7  2  2  5  2  3  5  6  4 .10 10 70.20 
2004052546 92013 713 7 7 313 83  7  5  3  5  3  3  2  5  4 .10  0 71.30 
2004062546101010 7 310 0 0 3 43  4  4  3  2  4  0  0  2  2 .00  0 70.10 
200407254611 3 0 0 3 0 32020 49  2  0  0  2  0  2  7  7  2 .00  0 70.10 
2004082546121727202330331733200  6 12  7  9 15 18  6 18 11 .73  0 70.70 
20040925461317 3 7 713 31313 76  6  2  3  3  5  2  5  5  4 .10  0 70.60 
200410254614 0 71017102010 7 81  0  3  4  6  4  7  4  3  4 .10  0 69.50 
200411254615101010 720272023127  4  4  4  3  7 12  7  9  6 .31  0 70.90 
2004122546161017171023132313126  4  6  6  4  9  5  9  5  6 .31  0 71.10 
2004132546171017 71017131317104  4  6  3  4  6  5  5  6  5 .21  0 70.70 
20041425461823332717 7 3 323136  9 18 12  6  3  2  2  9  8 .42  0 69.40 
2004152546193023171010 7 713117 15  9  6  4  4  3  3  5  6 .31  0 68.90 
200416254620201010 3 31310 3 72  7  4  4  2  2  5  4  2  4 .10  0 69.00 
20041725462110 31010 7 3 313 59  4  2  4  4  3  2  2  5  3 .10  0 68.40 
20041825462213171310 7 3 0 3 66  5  6  5  4  3  2  0  2  3 .10  0 70.40 
200419254623 0 0 3 0 7 3 0 3 16  0  0  2  0  3  2  0  2  1 .00  0 69.20 
200420254624203033474323 3 7206  7 15 18 39 32  9  2  3 16 .94  0 68.90 
2004212546251317101723332023156  5  6  4  6  9 18  7  9  8 .42  0 69.80 
2004222546263030131013101313132 15 15  5  4  5  4  5  5  7 .42  0 71.40 
200423254627 310 310 3 0 320 52  2  4  2  4  2  0  2  7  3 .10  0 69.50 
2004242547 123 7 71010202030127  9  3  3  4  4  7  7 15  6 .31  0 70.50 
2004252547 2202017 3 710 0 0 77  7  7  6  2  3  4  0  0  4 .10  5 69.80 
2004262547 3 720 71317172023124  3  7  3  5  6  6  7  9  6 .31 10 70.10 
2004272547 4271710 713201710121 12  6  4  3  5  7  6  4  6 .31 20 69.90 
2004282547 52713 3171013 713103 12  5  2  6  4  5  3  5  5 .21  7 69.90 
2004292547 613 3 0 3 7 3 7 7 43  5  2  0  2  3  2  3  3  2 .00 16 71.00 
2004302547 713 3 3 3 0 0 0 7 29  5  2  2  2  2  2  2  3  2 .00 14 70.90 
2005012547 8 31023171710 3 7 90  2  4  9  6  6  4  2  3  4 .21  0 71.30 
2005022547 9 31717131010 710 87  2  6  6  5  4  4  3  4  4 .10  0 70.30 
200503254710 713 7 3 3 31727 80  3  5  3  2  2  2  6 12  4 .21  0 69.80 
2005042547111713 7131710 313 93  6  5  3  5  6  4  2  5  4 .21  0 70.50 
2005052547121317131310171320116  5  6  5  5  4  6  5  7  5 .21  0 70.50 
2005062547133023 3 3 7 3 3 3 75 15  9  2  2  3  2  2  2  5 .21  0 71.10 
200507254714 710171010 3 3 7 67  3  4  6  4  4  2  2  3  4 .10  0 70.00 
20050825471513 3 7 710 0 010 50  5  2  3  3  4  0  0  4  3 .00  0 69.20 
20050925471610 0 0 3 3 3 3 0 22  4  0  0  2  2  2  2  0  2 .00  0 72.40 
200510254717 3 0 3 3 3101323 58  2  0  2  2  2  4  5  9  3 .10  0 69.30 
20051125471813201713 3 3 3 7 79  5  7  6  5  2  2  2  3  4 .10  0 67.50 
200512254719 7 7 7 3 7 7 723 68  3  3  3  2  3  3  3  9  4 .10  0 70.30 
20051325472013 3 0 7 710 713 60  5  2  0  3  3  4  3  5  3 .10  0 70.20 
200514254721 7 7 3 3 3 3 3 3 32  3  3  2  2  2  2  2  2  2 .00  0 68.70 
200515254722 7101013 3 7 0 3 53  3  4  4  5  2  3  0  2  3 .10  0 69.40 
200516254723 3 3 3 71710 3 7 53  2  2  2  3  6  4  2  3  3 .10  0 71.00 
200517254724 3 3 010 3 7 310 39  2  2  0  4  2  3  2  4  2 .00  0 71.20 
200518254725 3 0 0 3 72017 7 57  2  0  0  2  3  7  6  3  3 .10  0 71.80 
2005192547261013172017 3 713100  4  5  6  7  6  2  3  5  5 .21  0 70.30 
20052025472713 3 0 3 3 3 7 7 39  5  2  0  2  2  2  3  3  2 .00  0 71.30 
2005212548 1132010 7 7131320103  5  7  4  3  3  5  5  7  5 .21  0 71.90 
2005222548 2171310 3202023 7113  6  5  4  2  7  7  9  3  5 .21  0 72.60 
2005232548 3131710 3 3 7 3 0 56  5  6  4  2  2  3  2  0  3 .10  0 70.90 
2005242548 410 3 0 3202317 7 83  4  2  0  2  7  9  6  3  4 .10  0 70.60 
2005252548 5201013 717 71020104  7  4  5  3  6  3  4  7  5 .21  0 72.10 
2005262548 613 7 7 7 3 3 717 64  5  3  3  3  2  2  3  6  3 .10  0 71.60 
2005272548 7 7 3 31010 713 3 56  3  2  2  4  4  3  5  2  3 .10  0 69.90 
2005282548 8 710 7 310 7 3 7 54  3  4  3  2  4  3  2  3  3 .10  0 69.30 
2005292548 9 7 3 3 3 7 0 317 43  3  2  2  2  3  0  2  6  2 .00  0 71.60 
2005302548102027333330233030226  7 12 18 18 15  9 15 15 14 .84  0 71.90 
2005312548111310 3 7 710 320 73  5  4  2  3  3  4  2  7  4 .00  0 72.80 
200601254812 713 710 3102727104  3  5  3  4  2  4 12 12  6 .31  3 71.20 
2006022548131730131310 72013123  6 15  5  5  4  3  7  5  6 .31  0 72.40 
2006032548141010 0 710 7 3 3 50  4  4  0  3  4  3  2  2  3 .00  7 72.00 
200604254815 7 313 3 3101717 73  3  2  5  2  2  4  6  6  4 .10  7 72.10 
200605254816 3 3 31313 7 7 3 52  2  2  2  5  5  3  3  2  3 .10  8 73.20 
200606254817 7 7 31013 3 3 3 49  3  3  2  4  5  2  2  2  3 .10  9 73.80 
200607254818 713 7 710233723127  3  5  3  3  4  9 22  9  7 .42 10 73.80 
2006082548191720 7 3 710 7 3 74  6  7  3  2  3  4  3  2  4 .10 10 73.20 
200609254820 7 7 0 3 7102027 81  3  3  0  2  3  4  7 12  4 .10  9 74.60 
2006102548211723232710101013133  6  9  9 12  4  4  4  5  7 .31  7 73.20 
2006112548221713 7 3 7 3 3 0 53  6  5  3  2  3  2  2  0  3 .10  7 73.70 
200612254823 71010 7 7 7 3 3 54  3  4  4  3  3  3  2  2  3 .10  7 72.70 
200613254824 0 7 7 310 3 3 3 36  0  3  3  2  4  2  2  2  2 .00  7 71.60 
200614254825 3 3 3 3 3 3 7 7 32  2  2  2  2  2  2  3  3  2 .00  7 72.40 
200615254826 0 7101710 7 7 3 61  0  3  4  6  4  3  3  2  3 .10  5 72.70 
200616254827 7101710 7172317108  3  4  6  4  3  6  9  6  5 .21  0 71.50 
2006172549 117 7 7101710 0 0 68  6  3  3  4  6  4  0  0  3 .10  0 71.00 
2006182549 2 3171010131010 7 80  2  6  4  4  5  4  4  3  4 .10  0 70.20 
2006192549 3 710 713 7101720 91  3  4  3  5  3  4  6  7  4 .21  0 71.10 
2006202549 423202010 3 7 313 99  9  7  7  4  2  3  2  5  5 .21  0 70.00 
2006212549 5 7 7 31010 7 7 3 54  3  3  2  4  4  3  3  2  3 .10  0 69.90 
2006222549 6 3 3 7 7 3 3 313 42  2  2  3  3  2  2  2  5  3 .00  0 69.90 
2006232549 7 7 313 3 7 3 313 52  3  2  5  2  3  2  2  5  3 .10  0 69.30 
2006242549 813131010 7 7 3 7 70  5  5  4  4  3  3  2  3  4 .10  0 69.10 
2006252549 9 710 3 7 3 7 013 50  3  4  2  3  2  3  0  5  3 .00  0 71.20 
20062625491017 3 3 710102330103  6  2  2  3  4  4  9 15  6 .31  4 70.00 
2006272549112713132323 3 320125 12  5  5  9  9  2  2  7  6 .31  2 71.20 
2006282549121313 3 7 0 3 310 52  5  5  2  3  0  2  2  4  3 .10  0 71.50 
20062925491310 7 0 3 3 3 7 7 40  4  3  0  2  2  2  3  3  2 .00  0 71.00 
200630254914201717 3 0 7 013 77  7  6  6  2  0  3  0  5  4 .10  0 70.40 
200701254915 7101010 3 32323 89  3  4  4  4  2  2  9  9  5 .21  3 71.20 
200702254916 7 7 3 3 710 7 7 51  3  3  2  2  3  4  3  3  3 .10  0 70.30 
200703254917 3101010 7 7 7 7 61  2  4  4  4  3  3  3  3  3 .10  0 71.60 
2007042549181010131320102330129  4  4  5  5  7  4  9 15  7 .31  5 71.80 
2007052549191727302713101727168  6 12 15 12  5  4  6 12  9 .52  3 71.80 
200706254920131317 7131313 3 92  5  5  6  3  5  5  5  2  4 .21  4 70.80 
200707254921 71320 7 3 3 310 66  3  5  7  3  2  2  2  4  4 .10  7 70.00 
200708254922 0 7 3 0 3 3 3 7 26  0  3  2  0  2  2  2  3  2 .00  0 69.40 
200709254923 7 310 7 7 7 7 3 51  3  2  4  3  3  3  3  2  3 .10  0 71.00 
200710254924 3 317 3 3 3 3 3 38  2  2  6  2  2  2  2  2  2 .00  2 71.10 
20071125492510 3 3 3 3 3 7 7 39  4  2  2  2  2  2  3  3  2 .00  0 71.00 
200712254926 3 3 3 7 3 3 0 7 29  2  2  2  3  2  2  0  3  2 .00  0 69.80 
20071325492713172017 7101327124  5  6  7  6  3  4  5 12  6 .31  0 70.50 
2007142550 1373737171710 3 7165 22 22 22  6  6  4  2  3 11 .63  0 71.20 
2007152550 2 31717131720 3 0 90  2  6  6  5  6  7  2  0  4 .10  0 70.60 
2007162550 3 0 3 31710101010 63  0  2  2  6  4  4  4  4  3 .10  0 70.90 
2007172550 410 7 3 7 7131013 70  4  3  2  3  3  5  4  5  4 .10  0 71.30 
2007182550 51310 7 7 7 7 313 67  5  4  3  3  3  3  2  5  4 .10  0 70.00 
2007192550 6 0 7101010 7 717 68  0  3  4  4  4  3  3  6  3 .10  0 71.10 
2007202550 7 71013 3 3 3 310 52  3  4  5  2  2  2  2  4  3 .10  0 71.60 
2007212550 8101310 3 710 717 77  4  5  4  2  3  4  3  6  4 .10  3 72.10 
2007222550 910 7 3 3 31310 3 52  4  3  2  2  2  5  4  2  3 .10  7 72.20 
200723255010 7 3 7 710 7 0 7 48  3  2  3  3  4  3  0  3  3 .00  7 72.50 
200724255011 723272023332327183  3  9 12  7  9 18  9 12 10 .63  7 71.70 
2007252550123727231717131340187 22 12  9  6  6  5  5 27 12 .73  7 72.60 
20072625501313 3 3 7 3 0 010 39  5  2  2  3  2  0  0  4  2 .00  7 73.60 
200727255014 7 710 3 710 710 61  3  3  4  2  3  4  3  4  3 .10  7 73.70 
200728255015231010 3 710 7 7 77  9  4  4  2  3  4  3  3  4 .10 12 74.10 
20072925501620 717 310 7 7 7 78  7  3  6  2  4  3  3  3  4 .10 14 74.90 
200730255017131020 7 3 3 0 7 63  5  4  7  3  2  2  0  3  3 .10 14 75.60 
2007312550181010 7101310 710 77  4  4  3  4  5  4  3  4  4 .10 14 74.40 
200801255019 3 7 7 310 7 7 7 51  2  3  3  2  4  3  3  3  3 .10 12 74.10 
200802255020 3 7102733271727151  2  3  4 12 18 12  6 12  9 .52 12 74.90 
2008032550213733303020303333246 22 18 15 15  7 15 18 18 16 .94  7 74.80 
2008042550222033171710101317137  7 18  6  6  4  4  5  6  7 .42  7 75.10 
200805255023171310 7 7101713 94  6  5  4  3  3  4  6  5  4 .21  8 75.60 
200806255024 713 3 71717 720 91  3  5  2  3  6  6  3  7  4 .21  9 75.10 
2008072550251310 3 0 3 3 720 59  5  4  2  0  2  2  3  7  3 .10 12 76.00 
2008082550262017131013 710 3 93  7  6  5  4  5  3  4  2  4 .21  7 76.80 
200809255027 3 3 3 7 3 0 0 7 26  2  2  2  3  2  0  0  3  2 .00  8 76.00 
2008102551 1 7 3 3 3 0 3 010 29  3  2  2  2  0  2  0  4  2 .00  8 76.20 
2008112551 21310 3 3 3 0 3 3 38  5  4  2  2  2  0  2  2  2 .00  8 75.40 
2008122551 3 31310 710 3 7 3 56  2  5  4  3  4  2  3  2  3 .10 12 75.10 
2008132551 417 7 3 310 3 313 59  6  3  2  2  4  2  2  5  3 .10  8 74.20 
2008142551 51017 3 3 7 71010 67  4  6  2  2  3  3  4  4  4 .10  3 72.60 
2008152551 6 0 010 7 3 3 3 7 33  0  0  4  3  2  2  2  3  2 .00  0 72.40 
2008162551 7101310 7 3 3 0 7 53  4  5  4  3  2  2  0  3  3 .10  0 72.60 
2008172551 8 7 7 713 7 3 310 57  3  3  3  5  3  2  2  4  3 .10  0 72.50 
2008182551 91013171717 31030117  4  5  6  6  6  2  4 15  6 .31  9 73.10 
2008192551102723 7 3 0 0 310 73 12  9  3  2  0  0  2  4  4 .10  9 72.20 
200820255111 7 7 0 310 3 3 7 40  3  3  0  2  4  2  2  3  2 .00  8 71.60 
20082125511210 3 7 3 3 71713 63  4  2  3  2  2  3  6  5  3 .10  3 72.60 
2008222551131020201713131323129  4  7  7  6  5  5  5  9  6 .31  0 71.60 
2008232551142020131720131023136  7  7  5  6  7  5  4  9  6 .31  0 72.10 
2008242551151010 3 0 3 7 3 0 36  4  4  2  0  2  3  2  0  2 .00  0 71.80 
200825255116 3 3 7 3 3 7 7 7 40  2  2  3  2  2  3  3  3  2 .00  0 72.10 
20082625511717231020 7231317130  6  9  4  7  3  9  5  6  6 .31  0 71.90 
2008272551182313201730101010133  9  5  7  6 15  4  4  4  7 .31  0 71.40 
200828255119 0 3 71727431727141  0  2  3  6 12 32  6 12  9 .52  0 71.50 
2008292551203327372313203333219 18 12 22  9  5  7 18 18 14 .84  0 71.60 
200830255121203720171720 727165  7 22  7  6  6  7  3 12  9 .52  0 71.40 
2008312551223743274740403730301 22 32 12 39 27 27 22 15 241.26  0 70.50 
2009012551232743303027332727244 12 32 15 15 12 18 12 12 16 .94  0 70.80 
2009022551242727232723201317177 12 12  9 12  9  7  5  6  9 .52  0 69.50 
200903255125 0 010 710 7 017 51  0  0  4  3  4  3  0  6  2 .00  0 71.20 
20090425512627171320171720 7138 12  6  5  7  6  6  7  3  6 .31  0 70.80 
2009052551272017202020 310 7117  7  6  7  7  7  2  4  3  5 .21  0 70.30 
2009062552 12010 310 7 0 717 74  7  4  2  4  3  0  3  6  4 .10  0 70.50 
2009072552 2101313 7 7 7 3 0 60  4  5  5  3  3  3  2  0  3 .10  0 71.30 
2009082552 3 7 3 710 71010 0 54  3  2  3  4  3  4  4  0  3 .10  0 70.90 
2009092552 4 7 0 0 0 0 0 0 0  7  3  0  0  0  0  0  0  0  0 .00  0 70.70 
2009102552 5 0 0 0 0 0 010 3 13  0  0  0  0  0  0  4  2  1 .00  0 70.20 
2009112552 6 0 0 3 3 0 71010 33  0  0  2  2  0  3  4  4  2 .00  0 69.60 
2009122552 717202317 3 713 7107  6  7  9  6  2  3  5  3  5 .21  0 70.20 
2009132552 8131313 310131330108  5  5  5  2  4  5  5 15  6 .31  0 70.60 
2009142552 9333327232310 720176 18 18 12  9  9  4  3  7 10 .63  1 69.70 
20091525521023231313 0 71313105  9  9  5  5  0  3  5  5  5 .21  0 69.60 
200916255211 0 31010 310 7 0 43  0  2  4  4  2  4  3  0  2 .00  0 70.20 
200917255212 0 31710 3 0 313 49  0  2  6  4  2  0  2  5  3 .00  0 70.40 
20091825521310 3 0 7171310 0 60  4  2  0  3  6  5  4  0  3 .10  0 70.60 
200919255214 013 7 3 010 7 0 40  0  5  3  2  0  4  3  0  2 .00  0 71.20 
200920255215 0 0 02310 7 713 60  0  0  0  9  4  3  3  5  3 .10  0 70.70 
200921255216 7 3 0 3 3 010 7 33  3  2  0  2  2  0  4  3  2 .00  0 71.90 
20092225521717272017 7 7 3 7105  6 12  7  6  3  3  2  3  5 .21  0 72.90 
2009232552181710201737233723184  6  4  7  6 22  9 22  9 11 .63  7 73.70 
200924255219303753333327 317233 15 22 56 18 18 12  2  6 191.05  3 74.10 
2009252552203033302320433340252 15 18 15  9  7 32 18 27 181.05  3 73.80 
2009262552214043374047272033287 27 32 22 27 39 12  7 18 231.15  0 72.90 
2009272552222340202017305057257  9 27  7  7  6 15 48 67 231.15  0 74.40 
2009282552234750403337375050344 39 48 27 18 22 22 48 48 341.36  0 74.10 
2009292552244333302727272733247 32 18 15 12 12 12 12 18 16 .94  0 73.00 
2009302552254037332320173033233 27 22 18  9  7  6 15 18 15 .94  0 73.50 
2010012552262313203027302317183  9  5  7 15 12 15  9  6 10 .52  0 73.00 
2010022552272323132720172017160  9  9  5 12  7  6  7  6  8 .42  0 72.30 
2010032553 120171317 7 7 710 98  7  6  5  6  3  3  3  4  5 .21  0 71.90 
2010042553 2 717 31017 7 313 77  3  6  2  4  6  3  2  5  4 .10  0 71.20 
2010052553 3 3 7101323334023152  2  3  4  5  9 18 27  9 10 .52  0 72.20 
2010062553 4273710 710 3 3 7104 12 22  4  3  4  2  2  3  6 .31  0 71.60 
2010072553 5 7 7 3102017 713 84  3  3  2  4  7  6  3  5  4 .10  0 70.60 
2010082553 610 0 7 3 0 3 3 7 33  4  0  3  2  0  2  2  3  2 .00  3 71.50 
2010092553 7 7 0 3 0 0 0 0 0 10  3  0  2  0  0  0  0  0  1 .00 15 72.90 
2010102553 8 0 0 0 7 0 3 0 0 10  0  0  0  3  0  2  0  0  1 .00 11 73.30 
2010112553 9 0 0 3 3 3 7 313 32  0  0  2  2  2  3  2  5  2 .00 13 72.60 
201012255310 7 3 0 0 7 7 713 44  3  2  0  0  3  3  3  5  2 .00 10 73.40 
2010132553111010 3 3 0 7 3 3 39  4  4  2  2  0  3  2  2  2 .00  0 72.00 
201014255312 0 0 0 0 0 0 0 0  0  0  0  0  0  0  0  0  0  0 .00  3 74.10 
201015255313 0 0 0 0 0 0 713 20  0  0  0  0  0  0  3  5  1 .00  9 73.40 
2010162553141310 710 7 3 717 74  5  4  3  4  3  2  3  6  4 .10  8 74.80 
20101725531510172010 7 01313 90  4  6  7  4  3  0  5  5  4 .10  8 72.50 
201018255316 3 3 3 0 0 0 713 29  2  2  2  0  0  0  3  5  2 .00 12 75.30 
201019255317 710102030172017131  3  4  4  7 15  6  7  6  6 .31 10 74.20 
20102025531823171010 0 01310 83  9  6  4  4  0  0  5  4  4 .10  8 74.00 
2010212553192723372010 71020154 12  9 22  7  4  3  4  7  8 .52  7 73.00 
20102225532033 7 3 3 7 31717 90 18  3  2  2  3  2  6  6  5 .21  7 74.20 
2010232553211313 3 317274747170  5  5  2  2  6 12 39 39 14 .84 12 74.20 
2010242553223743403317332723253 22 32 27 18  6 18 12  9 181.05 12 71.30 
2010252553232710202737334023217 12  4  7 12 22 18 27  9 14 .84 12 73.30 
2010262553242037332733203030230  7 22 18 12 18  7 15 15 14 .84 12 74.10 
20102725532517133027 7 32320140  6  5 15 12  3  2  9  7  7 .42 28 81.40 
2010282553262027132027333020190  7 12  5  7 12 18 15  7 10 .63 19 86.40 
2010292553272027273323371720204  7 12 12 18  9 22  6  7 12 .73 25 83.50 
2010302554 11713 710 3 01023 83  6  5  3  4  2  0  4  9  4 .10 21 78.40 
2010312554 2101327201720 0 3110  4  5 12  7  6  7  0  2  5 .21 16 75.60 
2011012554 3 3 7172330302313146  2  3  6  9 15 15  9  5  8 .42  0 76.10 
2011022554 4 0 0 7 3 0 0 7 7 24  0  0  3  2  0  0  3  3  1 .00  5 80.30 
2011032554 517 0 0 3 3 0 010 33  6  0  0  2  2  0  0  4  2 .00  9 81.60 
2011042554 6 7 3 3 3 3 3 3 0 25  3  2  2  2  2  2  2  0  2 .00 14 86.60 
2011052554 7 0 0 3 717 71020 64  0  0  2  3  6  3  4  7  3 .10 18 89.10 
2011062554 81720131720272317154  6  7  5  6  7 12  9  6  7 .42 25 92.10 
2011072554 913 7 713 3202730120  5  3  3  5  2  7 12 15  6 .31 24 88.90 
201108255410131720101010 7 0 87  5  6  7  4  4  4  3  0  4 .10 27 88.30 
201109255411 0 0 0 0 0 0 0 0  0  0  0  0  0  0  0  0  0  0 .00 17 88.30 
201110255412 0 0 3 3 0 0 0 0  6  0  0  2  2  0  0  0  0  0 .00 16 85.10 
201111255413 0 0 3 3 3131020 52  0  0  2  2  2  5  4  7  3 .00 17 86.30 
20111225541417 01713 7 3 3 7 67  6  0  6  5  3  2  2  3  3 .10 20 83.30 
201113255415101013 7 3 0 3 7 53  4  4  5  3  2  0  2  3  3 .10 15 80.20 
201114255416 0 0 3 0 7 31710 40  0  0  2  0  3  2  6  4  2 .00 12 78.50 
2011152554171720 0 0 3 7 0 0 47  6  7  0  0  2  3  0  0  2 .00  3 76.90 
201116255418 3 0 0 0 3 3 0 3 12  2  0  0  0  2  2  0  2  1 .00  0 74.90 
201117255419 3 3 01010 0 010 36  2  2  0  4  4  0  0  4  2 .00  7 77.30 
20111825542013 310 3 0 0 7 7 43  5  2  4  2  0  0  3  3  2 .00  7 75.50 
201119255421 3 0 313 0 3 317 42  2  0  2  5  0  2  2  6  2 .00  7 74.90 
20112025542227301723 7 31710134 12 15  6  9  3  2  6  4  7 .42  7 79.70 
201121255423231713 730273337187  9  6  5  3 15 12 18 22 11 .63 15 82.90 
2011222554242740434347433733313 12 27 32 32 39 32 22 18 271.26 19 85.50 
20112325542520272323 7131717147  7 12  9  9  3  5  6  6  7 .42 27 93.10 
2011242554261310 0 7 7 7 310 57  5  4  0  3  3  3  2  4  3 .10 25 97.90 
2011252554271027 71310131730127  4 12  3  5  4  5  6 15  7 .31 29101.00 
2011262555 117 3101023202017120  6  2  4  4  9  7  7  6  6 .31 32103.00 
2011272555 2102323232713 3 7129  4  9  9  9 12  5  2  3  7 .31 43103.50 
2011282555 33333271720131713173 18 18 12  6  7  5  6  5 10 .52 50106.60 
2011292555 4 01720171313 3 3 86  0  6  7  6  5  5  2  2  4 .10 57113.10 
2011302555 510333320 710 310126  4 18 18  7  3  4  2  4  8 .42 50106.40 
2012012555 613 0 0 0 0 0 010 23  5  0  0  0  0  0  0  4  1 .00 32101.20 
2012022555 717 713 7 0 0 3 7 54  6  3  5  3  0  0  2  3  3 .00 30101.90 
2012032555 8 0 0 0 31017 3 0 33  0  0  0  2  4  6  2  0  2 .00 27 99.90 
2012042555 9 0 0 0 0 0 0 0 0  0  0  0  0  0  0  0  0  0  0 .00 23 93.00 
201205255510 0 0 31020102710 80  0  0  2  4  7  4 12  4  4 .10 23 97.00 
2012062555112010101017 71720111  7  4  4  4  6  3  6  7  5 .21 16 88.20 
201207255512 7 0 7 7 0 3 0 0 24  3  0  3  3  0  2  0  0  1 .00 14 86.80 
201208255513 713131310 0 313 72  3  5  5  5  4  0  2  5  4 .10  7 80.00 
201209255514203020 7 0133013133  7 15  7  3  0  5 15  5  7 .42  7 79.60 
201210255515332710 7 3 31323119 18 12  4  3  2  2  5  9  7 .31  7 79.10 
20121125551630231310 3 71713116 15  9  5  4  2  3  6  5  6 .31  7 80.80 
20121225551713 710 7 7 71020 81  5  3  4  3  3  3  4  7  4 .10  7 79.30 
2012132555183010 0 0 7 31710 77 15  4  0  0  3  2  6  4  4 .10  7 78.10 
201214255519 0 3 0 3 0 71313 39  0  2  0  2  0  3  5  5  2 .00  9 80.40 
20121525552017 010 0 0 0 710 44  6  0  4  0  0  0  3  4  2 .00 14 80.30 
20121625552110 3 0 0 3 3 3 7 29  4  2  0  0  2  2  2  3  2 .00  7 79.30 
201217255522 7 3 0 0 0 3 0 3 16  3  2  0  0  0  2  0  2  1 .00  7 79.10 
201218255523 3 0 3 3 3 7 3 3 25  2  0  2  2  2  3  2  2  2 .00  3 77.90 
20121925552413 7132017 71310100  5  3  5  7  6  3  5  4  5 .21  0 79.10 
20122025552510 713101010 313 76  4  3  5  4  4  4  2  5  4 .10  0 81.10 
2012212555262033232317 72043186  7 18  9  9  6  3  7 32 11 .73  7 77.00 
2012222555273333302727232713213 18 18 15 12 12  9 12  5 130.73  7 83.00 
2012232556 13043272720101317187 15 32 12 12  7  4  5  6 120.73 15 83.60 
2012242556 2 727202327301317164  3 12  7  9 12 15  5  6  90.52 16 84.50 
2012252556 3231710102010 0 0 90  9  6  4  4  7  4  0  0  40.10 18 84.90 
2012262556 4 02010 3 7 72020 87  0  7  4  2  3  3  7  7  40.10 19 85.00 
2012272556 51317 31713 71017 97  5  6  2  6  5  3  4  6  50.21 18 84.90 
2012282556 62023232320131313148  7  9  9  9  7  5  5  5  70.42 17 84.30 
2012292556 723271010 7131323126  9 12  4  4  3  5  5  9  60.31 18 81.40 
2012302556 82327172017 7 727143  9 12  6  7  6  3  3 12  70.42 18 80.10 
2012312556 92310 713 3 7 3 7 73  9  4  3  5  2  3  2  3  60.00 20 78.50 
