1901012529 81013271720 3 0 7 97  4  5 12  6  7  2  0  3  5 .21  9 69.50 
1901022529 9 3 0 0 0 3 3 0 3 12  2  0  0  0  2  2  0  2  1 .00 12 72.70 
19010325291010 0 0 7 3 0 0 3 23  4  0  0  3  2  0  0  2  1 .00 12 70.20 
19010425291113 3101717232733143  5  2  4  6  6  9 12 18  8 .42 10 69.10 
1901052529125040232713232030226 48 27  9 12  5  9  7 15 16 .94  8 68.80 
1901062529132027271720233020184  7 12 12  6  7  9 15  7  9 .52  0 69.60 
1901072529142020172017 7 720128  7  7  6  7  6  3  3  7  6 .31  0 69.10 
1901082529152317132013 713 3109  9  6  5  7  5  3  5  2  5 .21  0 69.00 
19010925291620 71017 3 31013 83  7  3  4  6  2  2  4  5  4 .10  0 69.20 
19011025291710 7131010 3 3 7 63  4  3  5  4  4  2  2  3  3 .10  0 67.80 
1901112529181317331013 7 7 3103  5  6 18  4  5  3  3  2  6 .31  0 65.90 
190112252919 7 3 0 0 7 7 3 3 30  3  2  0  0  3  3  2  2  2 .00  0 67.30 
190113252920 313 7 7 0 0 710 47  2  5  3  3  0  0  3  4  2 .00  0 66.60 
1901142529212017202010171023137  7  6  7  7  4  6  4  9  6 .31  0 67.80 
19011525292227 713 7 7101710 98 12  3  5  3  3  4  6  4  5 .21  0 67.30 
190116252923 31717 3 3101727 97  2  6  6  2  2  4  6 12  5 .21  0 67.50 
1901172529243020 71310231720140 15  7  3  5  4  9  6  7  7 .42  0 66.40 
19011825292517131020171710 7111  6  5  4  7  6  6  4  3  5 .21  0 66.60 
190119252926 310 717 0 71027 81  2  4  3  6  0  3  4 12  4 .10  0 67.40 
190120252927171010 3 710 710 74  6  4  4  2  3  4  3  4  4 .10  0 67.00 
1901212530 110 7 0 3 3101317 63  4  3  0  2  2  4  5  6  3 .10  0 67.70 
1901222530 2 3 7 0 0 3101717 57  2  3  0  0  2  4  6  6  3 .10 12 68.50 
1901232530 32323232327232040202  9  9  9  9 12  9  7 27 11 .73 14 69.30 
1901242530 43333371713274043243 18 18 22  6  5 12 27 32 181.05 16 70.20 
1901252530 52027372733302320217  7 12 22 12 18 15  9  7 13 .73 18 72.70 
1901262530 6171717103023 7 7128  6  6  6  4 15  9  3  3  6 .31 19 74.30 
1901272530 723131710 7 71010 97  9  5  6  4  3  3  4  4  5 .21 15 72.80 
1901282530 810 3 3 3 3 3 3 0 28  4  2  2  2  2  2  2  0  2 .00 12 73.50 
1901292530 917 0 0 3 7 3 0 3 33  6  0  0  2  3  2  0  2  2 .00  9 70.90 
190130253010 3 0 0 0 0 31010 26  2  0  0  0  0  2  4  4  2 .00  0 71.40 
19013125301110 3131027101717107  4  2  5  4 12  4  6  6  5 .00  0 71.93 
1902012530123037332323373037250 15 22 18  9  9 22 15 22 16 .94  0 70.00 
1902022530133740302720373030251 22 27 15 12  7 22 15 15 17 .94  0 68.80 
1902032530143330271013202023176 18 15 12  4  5  7  7  9 10 .52  0 69.10 
190204253015 7 0 7 313173730114  3  0  3  2  5  6 22 15  7 .42  0 68.70 
1902052530163020 7 3 01010 7 87 15  7  3  2  0  4  4  3  5 .21  0 68.70 
1902062530171320202727132723170  5  7  7 12 12  5 12  9  9 .52  0 67.90 
190207253018171310 0 3 71020 80  6  5  4  0  2  3  4  7  4 .10  0 68.30 
19020825301920172010 7102040144  7  6  7  4  3  4  7 27  8 .42  0 68.10 
1902092530202723202317203013173 12  9  7  9  6  7 15  5  9 .52  0 68.40 
19021025302123271013 7 31013106  9 12  4  5  3  2  4  5  6 .21  0 68.10 
1902112530221013171027332027157  4  5  6  4 12 18  7 12  8 .52  0 68.00 
1902122530232023 3 710 7 323 96  7  9  2  3  4  3  2  9  5 .21  0 68.40 
1902132530242027273733301020204  7 12 12 22 18 15  4  7 12 .73  8 68.60 
19021425302527372330 7 72313167 12 22  9 15  3  3  9  5 10 .52  0 69.70 
190215253026231010 3 3 3 7 3 62  9  4  4  2  2  2  3  2  4 .10  0 69.20 
190216253027 0 310 0 7131010 53  0  2  4  0  3  5  4  4  3 .00  0 69.00 
1902172531 1 3 0 7 3 0 31723 56  2  0  3  2  0  2  6  9  3 .10  0 68.40 
1902182531 23030 71310 7 3 7107 15 15  3  5  4  3  2  3  6 .31  0 68.30 
1902192531 3 31010 3 0 3 7 7 43  2  4  4  2  0  2  3  3  2 .00  0 68.60 
1902202531 4 7 0 0 0 3 71317 47  3  0  0  0  2  3  5  6  2 .00  0 69.40 
1902212531 52720372023171330187 12  7 22  7  9  6  5 15 10 .63  0 69.20 
1902222531 620 010 7 7 0 713 64  7  0  4  3  3  0  3  5  3 .10  0 69.70 
1902232531 7 7 0 0 0 0 7 7 0 21  3  0  0  0  0  3  3  0  1 .00  0 69.20 
1902242531 8 0 0 7 310 0 0 3 23  0  0  3  2  4  0  0  2  1 .00  0 69.00 
1902252531 9 0 0 7 3 0 0 0 7 17  0  0  3  2  0  0  0  3  1 .00  0 68.90 
190226253110 7 0 010 310 0 7 37  3  0  0  4  2  4  0  3  2 .00  0 69.20 
19022725311113 0 71327272740154  5  0  3  5 12 12 12 27 10 .52  0 69.40 
1902282531124333233743333340285 32 18  9 22 32 18 18 27 22 .00  0 69.17 
1903012531134343333727373737294 32 32 18 22 12 22 22 22 231.15  0 68.70 
1903022531144033272017301717201 27 18 12  7  6 15  6  6 12 .73  0 68.20 
1903032531152330101013 3 723119  9 15  4  4  5  2  3  9  6 .31  0 68.30 
190304253116132713202010 723133  5 12  5  7  7  4  3  9  6 .31  0 69.70 
1903052531172310 3 710 31017 83  9  4  2  3  4  2  4  6  4 .10  5 70.80 
1903062531181017301320 72017134  4  6 15  5  7  3  7  6  7 .31 12 71.30 
190307253119 7 3 0 320232723106  3  2  0  2  7  9 12  9  6 .21 12 69.90 
19030825312023 71017 0 3 313 76  9  3  4  6  0  2  2  5  4 .10  8 70.70 
190309253121 3 0101023101023 89  2  0  4  4  9  4  4  9  4 .21  7 69.70 
1903102531222320 7 3 7 3 0 3 66  9  7  3  2  3  2  0  2  4 .10  7 70.10 
190311253123 0 01013 7 3 310 46  0  0  4  5  3  2  2  4  2 .00  8 69.50 
1903122531241713302313 71313129  6  5 15  9  5  3  5  5  7 .31  7 69.80 
190313253125102013 3 3 313 7 72  4  7  5  2  2  2  5  3  4 .10  0 70.00 
190314253126 310131023132330125  2  4  5  4  9  5  9 15  7 .31  5 69.30 
190315253127272320 7 7102710131 12  9  7  3  3  4 12  4  7 .31  0 68.90 
1903162532 11017172723232043180  4  6  6 12  9  9  7 32 11 .63  0 68.80 
1903172532 2504040271717 7 7205 48 27 27 12  6  6  3  3 16 .94  0 68.60 
1903182532 3 310 3 3 7 7 7 3 43  2  4  2  2  3  3  3  2  3 .00  9 69.30 
1903192532 41010101720132727134  4  4  4  6  7  5 12 12  7 .31 11 69.10 
1903202532 5 71713101313 713 93  3  6  5  4  5  5  3  5  4 .21 25 76.20 
1903212532 6 710 7 3 3 0 0 3 33  3  4  3  2  2  0  0  2  2 .00 28 79.40 
1903222532 7 3 010 0 0 0 0 3 16  2  0  4  0  0  0  0  2  1 .00 22 81.80 
1903232532 8 3 0 010 3 3 0 3 22  2  0  0  4  2  2  0  2  2 .00 18 78.90 
1903242532 9 3 0 3 0 0 0 020 26  2  0  2  0  0  0  0  7  1 .00 12 75.00 
1903252532102010 7 31013 323 89  7  4  3  2  4  5  2  9  4 .21  0 70.80 
1903262532112023 3 0 7 3 017 73  7  9  2  0  3  2  0  6  4 .10  0 68.70 
1903272532122017272317 717 7135  7  6 12  9  6  3  6  3  6 .31  0 68.60 
190328253213 727271730202030178  3 12 12  6 15  7  7 15 10 .52  0 68.10 
19032925321420202020 7132313136  7  7  7  7  3  5  9  5  6 .31  0 68.60 
1903302532152013 3 7 3 0 0 3 49  7  5  2  3  2  0  0  2  3 .00  0 69.20 
1903312532162737301320171310167 12 22 15  5  7  6  5  4  9 .00  0 68.63 
1904012532172313 7 7 7 7 3 3 70  9  5  3  3  3  3  2  2  3 .00  9 69.08 
190402253218 7 3 7 3 7 73030 28  3  2  3  2  3  3 15 15  6 .31 12 70.80
1904032532192337272023172027194  9 22 12  7  9  6  7 12 10 .63 14 70.60 
1904042532202717132327332710177 12  6  5  9 12 18 12  4 10 .52  5 70.30 
1904052532213033231727232727207 15 18  9  6 12  9 12 12 12 .73  5 71.80 
19040625322220272013 7 71717128  7 12  7  5  3  3  6  6  6 .31  0 73.70 
190407253223 717 31017 71320 94  3  6  2  4  6  3  5  7  4 .21  8 76.60 
1904082532242733232030332323212 12 18  9  7 15 18  9  9 12 .73  9 78.80 
1904092532253320232013202020169 18  7  9  7  5  7  7  7  8 .52  9 79.30 
1904102532263740301023333013216 22 27 15  4  9 18 15  5 14 .84 10 78.40 
190411253227132717201717 3 7121  5 12  6  7  6  6  2  3  6 .31  9 78.90 
1904122533 13020131017131723143 15  7  5  4  6  5  6  9  7 .42 10 77.70 
1904132533 2303013 310 72017130 15 15  5  2  4  3  7  6  7 .42 11 78.30 
1904142533 3 31717 3 3 7 317 70  2  6  6  2  2  3  2  6  4 .10 10 75.90 
1904152533 41313232313102320138  5  5  9  9  5  4  9  7  7 .31  9 75.90 
1904162533 52017271313 31010113  7  6 12  5  5  2  4  4  6 .31  8 74.70 
1904172533 610 3 3 3 0 71713 56  4  2  2  2  0  3  6  5  3 .10 10 76.70 
1904182533 7 0 0 0 0 7 7 7 7 28  0  0  0  0  3  3  3  3  2 .00 18 75.20 
1904192533 8 3 3131310101710 79  2  2  5  5  4  4  6  4  4 .10 16 73.30 
1904202533 913 7 3 7 7 71310 67  5  3  2  3  3  3  5  4  4 .10  8 70.60 
1904212533101310 7 7 3 0 3 3 46  5  4  3  3  2  0  2  2  3 .00  0 69.90 
190422253311 3 013 3 710 7 3 46  2  0  5  2  3  4  3  2  3 .00  0 70.20 
19042325331210 7 0 7 7203333117  4  3  0  3  3  7 18 18  7 .42  0 69.60 
1904242533133313 3201717 713123 18  5  2  7  6  6  3  5  6 .31  0 70.10 
1904252533141320171717 310 7104  5  7  6  6  6  2  4  3  5 .21  0 68.40 
190426253315 7 0 0 7 7131320 67  3  0  0  3  3  5  5  7  3 .10  0 68.00 
19042725331610 0201713102020110  4  0  7  6  5  4  7  7  5 .21  0 67.80 
19042825331710 710 310132020 93  4  3  4  2  4  5  7  7  4 .21  0 68.80 
1904292533181713 0101313 310 79  6  5  0  4  5  5  2  4  4 .10  0 67.90 
1904302533192010 0 31010 710 70  7  4  4  2  4  4  3  4  4 .00  0 69.50 
190501253320 720171320273737178  3  7  6  5  7 12 22 22 10 .63  0 68.70 
1905022533213333232320232313191 18 18  9  9  7  9  9  5 10 .63  0 70.30 
1905032533222320232323232320178  9  7  9  9  9  9  9  7  8 .31  0 69.06 
190504253323 717232723232313156  3  6  9 12  9  9  9  5  8 .42  8 73.50 
19050525332413 7 0 3 3 7 7 7 47  5  3  0  2  2  3  3  3  3 .00  9 74.70 
19050625332510 3 31017101713 83  4  2  2  4  6  4  6  5  4 .10 10 77.30 
1905072533261320 7 3101017 7 87  5  7  3  2  4  4  6  3  4 .10 18 80.10 
190508253327 7 3 0 0 0 3 310 26  3  2  0  0  0  2  2  4  2 .00 17 76.80 
1905092534 11313231710101020116  5  5  9  6  4  4  4  7  6 .21 18 77.70 
1905102534 21717 7 710232730138  6  6  3  3  4  9 12 15  7 .42 19 77.80 
1905112534 34737404037232333280 39 22 27 27 22  9  9 18 221.15 21 79.50 
1905122534 420 710 3 0101317 80  7  3  4  2  0  4  5  6  4 .10 19 77.60 
1905132534 5 7 3102010231723113  3  2  4  7  4  9  6  9  6 .21 18 76.20 
1905142534 63357673320374013300 18 67111 18  7 22 27  5 341.46 16 76.00 
1905152534 7 717 7 317202310104  3  6  3  2  6  7  9  4  5 .21 14 75.60 
1905162534 81017131013102730130  4  6  5  4  5  4 12 15  7 .31  9 75.30 
1905172534 9231010 31010 3 7 76  9  4  4  2  4  4  2  3  4 .10  9 73.80 
190518253410 7 71720 7 3 3 3 67  3  3  6  7  3  2  2  2  4 .10  9 72.20 
190519253411 0 3 7 3 3 3 320 42  0  2  3  2  2  2  2  7  2 .00  0 69.60 
190520253412331710 71010 3 7 97 18  6  4  3  4  4  2  3  6 .21  0 70.40 
190521253413 713 7 713 3 7 3 60  3  5  3  3  5  2  3  2  3 .10  0 69.70 
190522253414 3131710 7 31010 73  2  5  6  4  3  2  4  4  4 .10  0 69.00 
1905232534151010 71310101017 87  4  4  3  5  4  4  4  6  4 .10  0 68.20 
1905242534161317 7 3 7131713 90  5  6  3  2  3  5  6  5  4 .21  0 68.10 
190525253417 3 3 3 3 3131313 54  2  2  2  2  2  5  5  5  3 .10  0 68.70 
190526253418 7 7 7 3 3 3 327 60  3  3  3  2  2  2  2 12  4 .10  0 69.80 
19052725341923233317102320 7156  9  9 18  6  4  9  7  3  8 .42  0 69.30 
190528253420 710131727172327141  3  4  5  6 12  6  9 12  7 .42  0 70.00 
1905292534213333302723172730220 18 18 15 12  9  6 12 15 13 .84  9 70.10 
1905302534223020132017132017150 15  7  5  7  6  5  7  6  7 .42  0 70.60 
190531253423171313 7 7 3 7 3 70  6  5  5  3  3  2  3  2  4 .00  0 70.60 
190601253424 7 3 7 3 0 3 7 7 37  3  2  3  2  0  2  3  3  2 .00  0 71.70 
19060225342520 7 0 0 3 3 710 50  7  3  0  0  2  2  3  4  3 .00  0 71.90 
190603253426 3 0 3131313 710 62  2  0  2  5  5  5  3  4  3 .10  0 71.80 
1906042534271313131020232320135  5  5  5  4  7  9  9  7  6 .31  0 72.10 
1906052535 120 7 7 7 3 7 7 3 61  7  3  3  3  2  3  3  2  3 .10  0 71.80 
1906062535 2 710 7 3 3 0 3 3 36  3  4  3  2  2  0  2  2  2 .00  0 70.90 
1906072535 3 3 3 7 71310 710 60  2  2  3  3  5  4  3  4  3 .10  0 71.00 
1906082535 4 7 7 31730475333197  3  3  2  6 15 39 56 18 181.05  0 70.50 
1906092535 5301713101010 713110 15  6  5  4  4  4  3  5  6 .31  0 70.50 
1906102535 6 3 3 0 3 7 7 7 7 37  2  2  0  2  3  3  3  3  2 .00  0 71.00 
1906112535 7 7 7 3 0 3 3 7 7 37  3  3  2  0  2  2  3  3  2 .00  0 71.90 
1906122535 8101010 713 7 3 3 63  4  4  4  3  5  3  2  2  3 .10  0 71.60 
1906132535 91317201323171340156  5  6  7  5  9  6  5 27  9 .52  0 69.60 
190614253510231723171710 3 7117  9  6  9  6  6  4  2  3  6 .31  0 70.10 
190615253511 3131313 7 3 0 7 59  2  5  5  5  3  2  0  3  3 .10  0 68.80 
190616253512101310 3 3 7 3 7 56  4  5  4  2  2  3  2  3  3 .10  0 68.00 
190617253513 0 3 3 7 7 3 3 3 29  0  2  2  3  3  2  2  2  2 .00  0 68.50 
190618253514 3 3 3 313 7 7 7 46  2  2  2  2  5  3  3  3  3 .00  0 69.20 
19061925351510 3 71010 3 3 7 53  4  2  3  4  4  2  2  3  3 .10  0 70.20 
190620253516 7202020 7102020124  3  7  7  7  3  4  7  7  6 .31  0 69.90 
1906212535171317101313 71323109  5  6  4  5  5  3  5  9  5 .21  0 68.60 
190622253518131717 7 3 7 7 3 74  5  6  6  3  2  3  3  2  4 .10  0 68.60 
190623253519 0 0 3 713 7 3 7 40  0  0  2  3  5  3  2  3  2 .00  0 69.50 
1906242535201717 71013 713 7 91  6  6  3  4  5  3  5  3  4 .21  7 70.20 
190625253521 7 7 3 710 3 713 57  3  3  2  3  4  2  3  5  3 .10  8 70.20 
190626253522171320171010 313103  6  5  7  6  4  4  2  5  5 .21  7 70.30 
1906272535231310 0 710 71010 67  5  4  0  3  4  3  4  4  3 .10  0 69.30 
1906282535241710 7 3 7 71010 71  6  4  3  2  3  3  4  4  4 .10  0 70.40 
190629253525 3 710 3 7 3 310 46  2  3  4  2  3  2  2  4  3 .00  0 69.90 
19063025352623 3 3 313 3 310 61  9  2  2  2  5  2  2  4  4 .00  0 69.70 
1907012535272330231720101317153  9 15  9  6  7  4  5  6  8 .42  0 70.50 
1907022536 113 7 710101723 3 90  5  3  3  4  4  6  9  2  4 .21  0 69.50 
1907032536 2 0 01013131313 3 65  0  0  4  5  5  5  5  2  3 .10  0 69.10 
1907042536 3 3 7 3 320132020 89  2  3  2  2  7  5  7  7  4 .21  0 69.90 
1907052536 417 7101017 7 0 3 71  6  3  4  4  6  3  0  2  4 .10  0 69.00 
1907062536 51010 7 3 3 0 3 7 43  4  4  3  2  2  0  2  3  2 .00  0 68.80 
1907072536 6 710131010 71017 84  3  4  5  4  4  3  4  6  4 .10  7 69.60 
1907082536 72717 7 0 3 73033124 12  6  3  0  2  3 15 18  7 .42  0 68.70 
1907092536 83020201717274733211 15  7  7  6  6 12 39 18 14 .84  0 69.70 
1907102536 91743433320131017196  6 32 32 18  7  5  4  6 14 .84  0 70.10 
1907112536102723301310 7 7 7124 12  9 15  5  4  3  3  3  7 .31  0 69.40 
1907122536111013201713 3 713 96  4  5  7  6  5  2  3  5  5 .21  0 69.00 
190713253612 3 7101717232017114  2  3  4  6  6  9  7  6  5 .21  0 68.20 
19071425361320 710 7 7101323 97  7  3  4  3  3  4  5  9  5 .21  0 69.40 
19071525361427171023131023 3126 12  6  4  9  5  4  9  2  6 .31  0 69.30 
190716253615 313171310 71313 89  2  5  6  5  4  3  5  5  4 .21  0 69.50 
1907172536161323171317 71317120  5  9  6  5  6  3  5  6  6 .31  0 70.00 
190718253617 7 3 3 710 7 310 50  3  2  2  3  4  3  2  4  3 .10  0 69.20 
190719253618 7 3 310 7 7 713 57  3  2  2  4  3  3  3  5  3 .10  0 68.90 
190720253619 0 3 7 3 7 3 7 3 33  0  2  3  2  3  2  3  2  2 .00  0 69.10 
190721253620 7 71717 7173037139  3  3  6  6  3  6 15 22  8 .42  0 69.80 
1907222536211313232323172013145  5  5  9  9  9  6  7  5  7 .31  9 69.50 
190723253622 720202020 7 320117  3  7  7  7  7  3  2  7  5 .21  0 69.60 
1907242536231010 0 713131313 79  4  4  0  3  5  5  5  5  4 .10  0 70.00 
190725253624 3 3 0 3 710 310 39  2  2  0  2  3  4  2  4  2 .00  0 70.30 
190726253625 0 0 3 3 3 3 3 7 22  0  0  2  2  2  2  2  3  2 .00  0 69.80 
190727253626 7 7 313 3102013 76  3  3  2  5  2  4  7  5  4 .10  0 68.70 
19072825362717171010 7 7 7 3 78  6  6  4  4  3  3  3  2  4 .10  0 69.20 
1907292537 1201717 31010 3 7 87  7  6  6  2  4  4  2  3  4 .10  0 68.20 
1907302537 217 3 0 327332027130  6  2  0  2 12 18  7 12  7 .42  0 68.30 
1907312537 327132713 7101320130 12  5 12  5  3  4  5  7  7 .00  0 68.90 
1908012537 43317272017171720168 18  6 12  7  6  6  6  7  8 .00  0 68.80 
1908022537 5101010 7 3 3 710 60  4  4  4  3  2  2  3  4  3 .10  0 68.90 
1908032537 6 7 3 0 3 0 3 7 3 26  3  2  0  2  0  2  3  2  2 .00  0 67.70 
1908042537 7 3 71710 3 3 013 56  2  3  6  4  2  2  0  5  3 .10  0 68.80 
1908052537 81030505350533733316  4 15 48 56 48 56 22 18 331.36  9 70.10 
1908062537 93027233023171027187 15 12  9 15  9  6  4 12 10 .63  0 70.10 
19080725371023171013 7101020110  9  6  4  5  3  4  4  7  5 .21  7 69.90 
1908082537111717131027171010121  6  6  5  4 12  6  4  4  6 .31  0 70.60 
190809253712 310131717231327123  2  4  5  6  6  9  5 12  6 .31  0 69.10 
1908102537132717171713101317131 12  6  6  6  5  4  5  6  6 .31  0 69.10 
190811253714 310131720101020103  2  4  5  6  7  4  4  7  5 .21  0 69.50 
1908122537151010101313 71017 90  4  4  4  5  5  3  4  6  4 .21  0 69.00 
1908132537162017102317171017131  7  6  4  9  6  6  4  6  6 .31  0 68.60 
1908142537171310101310 7 3 3 69  5  4  4  5  4  3  2  2  4 .10  0 69.10 
190815253718 0 7 7 7 7 71310 58  0  3  3  3  3  3  5  4  3 .10  0 69.40 
19081625371913 7172010 3 7 7 84  5  3  6  7  4  2  3  3  4 .10  0 69.20 
19081725372010201013 7 7 0 3 70  4  7  4  5  3  3  0  2  4 .10  0 69.70 
190818253721272017 7 3 71013104 12  7  6  3  2  3  4  5  5 .21  0 69.20 
190819253722 713 3 3 710 310 56  3  5  2  2  3  4  2  4  3 .10  0 69.30 
1908202537231713 3 710 7 3 7 67  6  5  2  3  4  3  2  3  4 .10  0 68.90 
190821253724131310 3 7131010 79  5  5  4  2  3  5  4  4  4 .10  0 68.40 
19082225372513 71317 7102317107  5  3  5  6  3  4  9  6  5 .21  0 67.30 
19082325372610201310 3 3 7 7 73  4  7  5  4  2  2  3  3  4 .10  0 68.00 
1908242537272313 313 310 7 3 75  9  5  2  5  2  4  3  2  4 .10  0 67.80 
1908252538 1101020 3 3 3 313 65  4  4  7  2  2  2  2  5  4 .10  0 67.40 
1908262538 217 3102010 71323103  6  2  4  7  4  3  5  9  5 .21  0 67.20 
1908272538 32733202720202323193 12 18  7 12  7  7  9  9 10 .63  0 67.50 
1908282538 4201713 7 7 7 3 3 77  7  6  5  3  3  3  2  2  4 .10  0 67.20 
1908292538 510 0 0 3131010 7 53  4  0  0  2  5  4  4  3  3 .00  0 67.20 
1908302538 61013101323273330159  4  5  4  5  9 12 18 15  9 .52  0 67.80 
1908312538 73743405357434040353 22 32 27 56 67 32 27 27 36 .00  0 67.70 
1909012538 84750535050404347380 39 48 56 48 48 27 32 39 421.57  9 68.30 
1909022538 95037373020274033274 48 22 22 15  7 12 27 18 211.15  9 70.00 
1909032538103327232017131717167 18 12  9  7  6  5  6  6  9 .52  5 69.80 
1909042538113027272023202720194 15 12 12  7  9  7 12  7 10 .63  0 69.80 
1909052538123743302713132023206 22 32 15 12  5  5  7  9 13 .84  0 69.40 
19090625381320372027 7 31710141  7 22  7 12  3  2  6  4  8 .42  0 70.00 
190907253814 717231317171323130  3  6  9  5  6  6  5  9  6 .31  0 75.00 
1909082538151723231713172330163  6  9  9  6  5  6  9 15  8 .42  0 68.50 
1909092538163323303323331723215 18  9 15 18  9 18  6  9 13 .73  0 69.80 
1909102538171313102017 3 0 3 79  5  5  4  7  6  2  0  2  4 .10  0 70.90 
190911253818101020171010 7 7 91  4  4  7  6  4  4  3  3  4 .21  0 69.00 
1909122538191710171713171310114  6  4  6  6  5  6  5  4  5 .21  0 70.30 
1909132538202027271717131310144  7 12 12  6  6  5  5  4  7 .42  0 69.10 
190914253821 320201713 71720117  2  7  7  6  5  3  6  7  5 .21  0 69.40 
1909152538221027201713172027151  4 12  7  6  5  6  7 12  7 .42  0 68.40 
19091625382337401710 7172020168 22 27  6  4  3  6  7  7 10 .63  0 69.40 
1909172538243317 7 7 3 72337134 18  6  3  3  2  3  9 22  8 .42  0 68.20 
1909182538252720232027 71013147 12  7  9  7 12  3  4  5  7 .42  0 66.90 
19091925382610 710 7 7 313 3 60  4  3  4  3  3  2  5  2  3 .10  0 67.70 
19092025382710 3 3 3 7 3 7 7 43  4  2  2  2  3  2  3  3  3 .00  0 67.70 
1909212539 12320271717101013137  9  7 12  6  6  4  4  5  7 .31  0 68.20 
1909222539 22313 3 3 0 3 7 7 59  9  5  2  2  0  2  3  3  3 .10  0 68.80 
1909232539 3 3 0 3 7 310 710 43  2  0  2  3  2  4  3  4  2 .00  0 66.60 
1909242539 4302723 733372710194 15 12  9  3 18 22 12  4 12 .73  0 67.50 
1909252539 5 7101717 3 7 313 77  3  4  6  6  2  3  2  5  4 .10  0 67.90 
1909262539 627 7 3 3 3 0 010 53 12  3  2  2  2  0  0  4  3 .10  0 67.40 
1909272539 7 710201733435350233  3  4  7  6 18 32 56 48 221.15  0 66.80 
1909282539 82743434333303740296 12 32 32 32 18 15 22 27 241.15  0 67.50 
1909292539 92327231710333333199  9 12  9  6  4 18 18 18 12 .73  0 67.70 
1909302539103037372720271730225 15 22 22 12  7 12  6 15 14 .00  0 68.10 
1910012539113340302310 0 713156 18 27 15  9  4  0  3  5 10 .63  7 68.80 
19100225391230 0 02027101023120 15  0  0  7 12  4  4  9  6 .31  8 68.40 
19100325391317131310 3 31310 82  6  5  5  4  2  2  5  4  4 .10  0 68.30 
19100425391410132717202017 7131  4  5 12  6  7  7  6  3  6 .31  0 68.10 
1910052539151313102017171730137  5  5  4  7  6  6  6 15  7 .31  0 67.80 
191006253916132017131010 0 3 86  5  7  6  5  4  4  0  2  4 .10  0 67.30 
191007253917 7 710 717232323117  3  3  4  3  6  9  9  9  6 .31  0 67.60 
191008253918171313 7 7 71713 94  6  5  5  3  3  3  6  5  4 .21  0 67.00 
1910092539191723203317171013150  6  9  7 18  6  6  4  5  8 .42  0 67.90 
1910102539201343402013271317186  5 32 27  7  5 12  5  6 12 .73  0 67.30 
191011253921 710232017302317147  3  4  9  7  6 15  9  6  7 .42  0 68.30 
1910122539222020 713 7 3 7 3 80  7  7  3  5  3  2  3  2  4 .10  0 68.00 
191013253923 7 0 0 0 0 0 0 3 10  3  0  0  0  0  0  0  2  1 .00  0 66.90 
1910142539241017101010201710104  4  6  4  4  4  7  6  4  5 .21  0 65.80 
19101525392523 7 0 3 0 31310 59  9  3  0  2  0  2  5  4  3 .10  0 66.90 
19101625392613172010 7 32017107  5  6  7  4  3  2  7  6  5 .21  0 65.90 
19101725392720171717 7101010108  7  6  6  6  3  4  4  4  5 .21  0 65.60 
1910182540 11020171013101017107  4  7  6  4  5  4  4  6  5 .21  0 65.60 
1910192540 210 7 71313171310 90  4  3  3  5  5  6  5  4  4 .21  0 65.50 
1910202540 3 71310 7 7 71323 87  3  5  4  3  3  3  5  9  4 .21  0 64.40 
1910212540 427 7 717 7 01013 88 12  3  3  6  3  0  4  5  4 .21  0 63.40 
1910222540 5 3 3 7 7 31313 3 52  2  2  3  3  2  5  5  2  3 .10  0 64.90 
1910232540 6 3 0 0 0 3 7 3 3 19  2  0  0  0  2  3  2  2  1 .00  0 63.90 
1910242540 7 313133730434343225  2  5  5 22 15 32 32 32 181.05  0 64.30 
1910252540 84340534033332323288 32 27 56 27 18 18  9  9 241.26  0 67.90 
1910262540 93730304340434037300 22 15 15 32 27 32 27 22 241.26  0 67.80 
1910272540104033302017273727231 27 18 15  7  6 12 22 12 15 .84  0 68.00 
1910282540112327332017202727194  9 12 18  7  6  7 12 12 10 .63  0 68.50 
1910292540122727 7 0 3232013120 12 12  3  0  2  9  7  5  6 .31  0 68.20 
1910302540131013131023232323138  4  5  5  4  9  9  9  9  7 .31  0 68.80 
19103125401437 3 313 0 71017 90 22  2  2  5  5  3  4  6  6 .00  0 70.20 
1911012540151323 7 7 7 3 3 0 63  5  9  3  3  3  2  2  0  3 .10  5 69.60 
191102254016 3 0 0 0 0 0 310 16  2  0  0  0  0  0  2  4  1 .00  0 69.60 
19110325401710 3 0 0 0 0 0 7 20  4  2  0  0  0  0  0  3  1 .00  0 68.30 
1911042540181010171010 7 7 3 74  4  4  6  4  4  3  3  2  4 .10  0 69.60 
1911052540191310 3 710171717 94  5  4  2  3  4  6  6  6  4 .21  0 69.20 
1911062540201710 7 720131323110  6  4  3  3  7  5  5  9  5 .21  0 68.10 
1911072540212017 710 0 7 3 7 71  7  6  3  4  0  3  2  3  4 .10  0 68.50 
191108254022 7 0 310 7 7 710 51  3  0  2  4  3  3  3  4  3 .00  0 68.90 
1911092540232317 0 3 7 7 317 77  9  6  0  2  3  3  2  6  4 .10  0 68.30 
19111025402413 31310 3 0 0 3 45  5  2  5  4  2  0  0  2  2 .00  0 69.40 
191111254025 313172720201723140  2  5  6 12  7  7  6  9  7 .31  0 68.10 
19111225402620 3 7 71013 3 0 63  7  2  3  3  4  5  2  0  3 .10  0 69.30 
191113254027 0 0 0 0 0 0 713 20  0  0  0  0  0  0  3  5  1 .00  0 69.60 
1911142541 12310 3 7 7 3 3 3 59  9  4  2  3  3  2  2  2  3 .10  0 68.40 
1911152541 2 3 3 0 7 01017 7 47  2  2  0  3  0  4  6  3  2 .00  0 68.50 
1911162541 31720 3 713172320120  6  7  2  3  5  6  9  7  6 .31  0 68.20 
1911172541 41310 7 0 3 31327 76  5  4  3  0  2  2  5 12  4 .10  0 68.50 
1911182541 5 0 0 0 0 3 0 3 3  9  0  0  0  0  2  0  2  2  1 .00  0 68.80 
1911192541 6 013 3 0 0 710 0 33  0  5  2  0  0  3  4  0  2 .00  0 67.60 
1911202541 7 010 0 0 0 0 010 20  0  4  0  0  0  0  0  4  1 .00  0 68.50 
1911212541 81717131320303037177  6  6  5  5  7 15 15 22 10 .63  0 69.10 
1911222541 93720232027303023210 22  7  9  7 12 15 15  9 12 .73  0 67.90 
1911232541102723132727232720187 12  9  5 12 12  9 12  7 10 .52  0 68.50 
1911242541113330271727271327201 18 15 12  6 12 12  5 12 12 .73  0 68.80 
19112525411220 71013 310 720 90  7  3  4  5  2  4  3  7  4 .21  0 67.70 
1911262541132020 0 0 0 3 3 3 49  7  7  0  0  0  2  2  2  2 .00  0 68.60 
191127254114 3 71010 71713 7 74  2  3  4  4  3  6  5  3  4 .10  0 69.60 
19112825411513 3 3 3 71020 7 66  5  2  2  2  3  4  7  3  4 .10  0 68.30 
191129254116 710 7 7 3101730 91  3  4  3  3  2  4  6 15  5 .21  0 67.90 
19113025411713 7 3 3 7 71020 70  5  3  2  2  3  3  4  7  4 .00  0 68.50 
19120125411810 7 0 0 7 71317 61  4  3  0  0  3  3  5  6  3 .10  0 69.20 
191202254119 310 7 0 0 0 0 3 23  2  4  3  0  0  0  0  2  1 .00  0 68.40 
191203254120 3 3 0 3 0 3 3 7 22  2  2  0  2  0  2  2  3  2 .00  0 67.90 
1912042541211017 7 3 7 010 3 57  4  6  3  2  3  0  4  2  3 .10  0 67.60 
191205254122 3 0 0 7 7 7 3 3 30  2  0  0  3  3  3  2  2  2 .00  0 68.60 
191206254123 313 7 3 7 7 3 7 50  2  5  3  2  3  3  2  3  30.10  0 68.30
191207254124 7 0 0 7 3 3 3 7 30  3  0  0  3  2  2  2  3  20.00  0 68.20 
191208254125 3 3 3 0 3 31013 38  2  2  2  0  2  2  4  5  20.00  0 69.40 
1912092541262710 0 0 3 3 317 63 12  4  0  0  2  2  2  6  40.10  0 68.60 
191210254127 7201010 0 3 710 67  3  7  4  4  0  2  3  4  30.10  0 68.40 
1912112542 12723 3 7 717 717108 12  9  2  3  3  6  3  6  60.21  0 68.60 
1912122542 210 31310 3 0 317 59  4  2  5  4  2  0  2  6  30.10  0 68.30 
1912132542 3102013 3 0 0 7 3 56  4  7  5  2  0  0  3  2  30.10  0 66.80 
1912142542 4 3 0 3 3 3 3 013 28  2  0  2  2  2  2  0  5  20.00  0 68.10 
1912152542 523201010 3 3 723 99  9  7  4  4  2  2  3  9  50.21  0 68.80 
1912162542 6 7 0 7 310 7 7 0 41  3  0  3  2  4  3  3  0  20.00  0 67.70 
1912172542 7 0 710 3 0 3 0 3 26  0  3  4  2  0  2  0  2  20.00  0 68.20 
1912182542 81013173037372713184  4  5  6 15 22 22 12  5 110.73  0 68.00 
1912192542 933403727202013 7197 18 27 22 12  7  7  5  3 130.73  0 67.70 
191220254210201010 317201013103  7  4  4  2  6  7  4  5  50.21  0 67.70 
19122125421120 31313 7 31710 86  7  2  5  5  3  2  6  4  40.10  0 68.40 
19122225421213 317 0 3 3 713 59  5  2  6  0  2  2  3  5  30.10  0 68.70 
191223254213 013 31310 7 0 3 49  0  5  2  5  4  3  0  2  30.00  0 70.20 
19122425421417 0 3 3 0 0 0 0 23  6  0  2  2  0  0  0  0  10.00 13 70.30 
191225254215 3 3 3 7 3101717 63  2  2  2  3  2  4  6  6  30.10 16 69.80 
19122625421623 7 0 7 3 7 713 67  9  3  0  3  2  3  3  5  40.10  7 69.70 
19122725421713 7 7 7 0 3 3 0 40  5  3  3  3  0  2  2  0  20.00  0 70.10 
191228254218 7 3 0 0 0 3 3 3 19  3  2  0  0  0  2  2  2  10.00  0 69.80 
191229254219 0 0 3 3 0 0 3 7 16  0  0  2  2  0  0  2  3  10.00  0 69.60 
191230254220 3 0 3 3 3 3 3 7 25  2  0  2  2  2  2  2  3  20.00  0 68.60 
191231254221 713 3 7 7 713 3 18  3  5  2  3  3  3  5  2  30.10  0 68.20
