200101254222 0 0 0 7 7131010 47  0  0  0  3  3  5  4  4  20.00  5 69.40
200102254223 0 0 3 7 3 71013 43  0  0  2  3  2  3  4  5  20.00  8 69.50
2001032542241010272310 7 313103  4  4 12  9  4  3  2  5  50.21 10 68.90
20010425422513 7 71010202320110  5  3  3  4  4  7  9  7  50.21  9 69.80
2001052542261313171020233323152  5  5  6  4  7  9 18  9  80.42  9 69.40
200106254227333017 7 0 72717138 18 15  6  3  0  3 12  6  80.42  8 68.10
2001072543 11017 7 3 7101323 90  4  6  3  2  3  4  5  9  40.21  0 69.30
2001082543 21010 3 717271723114  4  4  2  3  6 12  6  9  60.31  0 71.20
2001092543 32730372320272017201 12 15 22  9  7 12  7  6 110.63 10 71.90
2001102543 41310272317171010127  5  4 12  9  6  6  4  4  60.31  0 70.40
2001112543 520202013 313 710106  7  7  7  5  2  5  3  4  50.21  0 71.00
2001122543 61717 7 7 7 0 3 3 61  6  6  3  3  3  0  2  2  30.10  0 69.50
2001132543 7 7 7 7 3 3 0 710 44  3  3  3  2  2  0  3  4  20.00  0 69.10
2001142543 8 7 3 3 7 0 3 0 3 26  3  2  2  3  0  2  0  2  20.00  0 69.50
2001152543 9 7 0 3 7 3 3 3 7 33  3  3  2  3  2  2  2  3  20.00  0 69.28
200116254310 7231713 7 7 3 7 84  3  9  6  5  3  3  2  3  40.10  0 69.40
20011725431110 3 7 0 31310 3 49  4  2  3  0  2  5  4  2  30.00  0 67.90
200118254312131310 0 3 3 3 7 52  5  5  4  0  2  2  2  3  30.10  0 69.00
200119254313 310 0 3 0 3 3 3 25  2  4  0  2  0  2  2  2  20.00  0 69.50
200120254314 3 3 3 0 0 0 3 3 15  2  2  2  0  0  0  2  2  10.00  0 69.00
200121254315 0 0 71313232320 99  0  0  3  5  5  9  9  7  50.21  0 68.30
20012225431617231310 7 31330116  6  9  5  4  3  2  5 15  60.31  0 69.60
2001232543171723 3 3 0 31310 72  6  9  2  2  0  2  5  4  40.10  0 68.60
20012425431810 0 0 0 3 3 3 3 22  4  0  0  0  2  2  2  2  20.00  7 68.80
200125254319 323 7 3 3 0 3 3 45  2  9  3  2  2  0  2  2  30.00  7 70.40
20012625432013 7 0 0 71710 3 57  5  3  0  0  3  6  4  2  30.10 14 72.40
200127254321 3 710 3 3 0 3 0 29  2  3  4  2  2  0  2  0  20.00  9 70.70
200128254322101310 3 0 31030 79  4  5  4  2  0  2  4 15  40.21  9 72.00
20012925432333331713 0131320142 18 18  6  5  0  5  5  7  80.42  8 72.00
2001302543242027231723303327200  7 12  9  6  9 15 18 12 110.63  8 71.90
2001312543252333172310 3 020129  9 18  6  9  4  2  2  7  70.00  9 71.70
20020125432610 3 7 720171723104  4  2  3  3  7  6  6  9  50.21  7 70.40
20020225432723 3131320171720126  9  2  5  5  7  6  6  7  50.00  0 71.32
2002032544 1172010 3 3 710 3 73  6  7  4  2  2  3  4  2  40.10  0 70.00
2002042544 217171010 7101727115  6  6  4  4  3  4  6 12  60.31  0 68.30
2002052544 31320131710 7 7 3 90  5  7  5  6  4  3  3  2  40.21  0 68.60
2002062544 4 727402727234030221  3 12 27 12 12  9 27 15 150.84  0 69.30
2002072544 53030301327272733217 15 15 15  5 12 12 12 18 130.73  0 68.90
2002082544 62713101017131013113 12  5  4  4  6  5  4  5  60.31  0 70.00
2002092544 730171310 7171720131 15  6  5  4  3  6  6  7  60.31  0 68.80
2002102544 817131713 7 3 713 90  6  5  6  5  3  2  3  5  40.21  0 68.30
2002112544 9273013 3 0 0 713 93 12 15  5  2  0  0  3  5  50.21  0 69.30
20021225441017171320 3 0 010 80  6  6  5  7  2  0  0  4  40.10  0 69.80
200213254411 7 0 3 7 0 3 717 44  3  0  2  3  0  2  3  6  20.00  0 69.40
2002142544121710 3 0 0 0 0 7 37  6  4  2  0  0  0  0  3  20.00  0 69.50
200215254413 7 0 02023101010 80  3  0  0  7  9  4  4  4  40.10  0 68.80
20021625441420 7 0 7 3 0 3 3 43  7  3  0  3  2  0  2  2  20.00  0 68.80
20021725441513 713 710132730120  5  3  5  3  4  5 12 15  60.31  0 69.00
2002182544161027372330303327217  4 12 22  9 15 15 18 12 130.84  0 69.40
2002192544172340333317171017190  9 27 18 18  6  6  4  6 120.73  0 69.40
2002202544182323171017102327150  9  9  6  4  6  4  9 12  70.42  0 69.20
2002212544193727273317301733221 22 12 12 18  6 15  6 18 140.84  0 69.60
2002222544202720131713202720157 12  7  5  6  5  7 12  7  80.42  0 70.70
200223254421 7 3 7 7 3102323 83  3  2  3  3  2  4  9  9  40.21  0 68.80
2002242544222017 0 3 3 0 713 63  7  6  0  2  2  0  3  5  30.10  0 68.70
20022525442317 3 3 0 7 0 0 3 33  6  2  2  0  3  0  0  2  20.00  0 69.10
200226254424 7 3 7 0 7 72013 64  3  2  3  0  3  3  7  5  30.10  0 68.70
20022725442517 0 310 7 3 7 7 54  6  0  2  4  3  2  3  3  30.10  0 69.60
200228254426171710171710 723118  6  6  4  6  6  4  3  9  60.21  0 69.30
2002292544272013202320272023166  7  5  7  9  7 12  7  9  80.42  0 68.80
2003012545 133131323 7 3 313108 18  5  5  9  3  2  2  5  60.31  0 68.10
2003022545 217 7 0102010 310 77  6  3  0  4  7  4  2  4  40.10  0 68.10
2003032545 3201010132020 723123  7  4  4  5  7  7  3  9  60.31  0 68.80
2003042545 4 013101017301713110  0  5  4  4  6 15  6  5  60.31  0 68.70
2003052545 51010101013 7 7 0 67  4  4  4  4  5  3  3  0  30.10  0 68.30
2003062545 610 313201713 0 0 76  4  2  5  7  6  5  0  0  40.10  0 68.90
2003072545 7 310131020 7 3 3 69  2  4  5  4  7  3  2  2  40.10  0 68.80
2003082545 8131713 3 3131717 96  5  6  5  2  2  5  6  6  50.21 10 69.20
2003092545 9 320171010131710100  2  7  6  4  4  5  6  4  50.21  9 69.80
20031025451020 313 7 7 7 013 70  7  2  5  3  3  3  0  5  40.10  0 69.80
20031125451117 3 3 7 7 3 0 3 43  6  2  2  3  3  2  0  2  20.00  0 69.60
2003122545121013171013172710117  4  5  6  4  5  6 12  4  60.31  0 69.10
2003132545132027202010171010134  7 12  7  7  4  6  4  4  60.31  0 67.90
200314254514 3 0 3 7 7 310 3 36  2  0  2  3  3  2  4  2  20.00  0 67.40
200315254515 3 3 31710 71717 77  2  2  2  6  4  3  6  6  40.10  0 69.50
20031625451620 3 713131017 7 90  7  2  3  5  5  4  6  3  40.21  0 69.10
20031725451720 3131713171017110  7  2  5  6  5  6  4  6  50.21  0 70.90
200318254518 3 7 7 317233017107  2  3  3  2  6  9 15  6  60.31  0 71.40
200319254519432323202317 717173 32  9  9  7  9  6  3  6 100.63  0 71.50
200320254520271320 0 7202027134 12  5  7  0  3  7  7 12  70.31  0 71.10
2003212545211723302013171017147  6  9 15  7  5  6  4  6  70.42  0 70.30
2003222545222323131017172017140  9  9  5  4  6  6  7  6  60.31  0 69.80
2003232545232333172723173323196  9 18  6 12  9  6 18  9 110.63  0 69.90
200324254524271010 7 0 0 0 3 57 12  4  4  3  0  0  0  2  30.10  0 70.80
20032525452517 0 3 710 0 320 60  6  0  2  3  4  0  2  7  30.10  0 70.90
20032625452610 3 7101017 727 91  4  2  3  4  4  6  3 12  50.21  0 69.90
200327254527201310 7102017 3100  7  5  4  3  4  7  6  2  50.21  0 69.20
2003282546 1 0 7131713 31323 89  0  3  5  6  5  2  5  9  40.21  0 69.00
2003292546 210 3202030231710133  4  2  7  7 15  9  6  4  70.31  0 68.60
2003302546 31320131013303337169  5  7  5  4  5 15 18 22 100.63  0 69.10
2003312546 43340372027202030227 18 27 22  7 12  7  7 15 140.00  0 69.80
2004012546 5202713 7 0101020107  7 12  5  3  0  4  4  7  50.00  9 69.20
2004022546 61323171310171317123  5  9  6  5  4  6  5  6  50.00  8 69.37
2004032546 72323 7 7 7132037137  9  9  3  3  3  5  7 22  80.42  9 70.00
2004042546 820 3 313 3 71317 79  7  2  2  5  2  3  5  6  40.10 10 70.20
2004052546 92013 713 7 7 313 83  7  5  3  5  3  3  2  5  40.10  0 71.30
2004062546101010 7 310 0 0 3 43  4  4  3  2  4  0  0  2  20.00  0 70.10
200407254611 3 0 0 3 0 32020 49  2  0  0  2  0  2  7  7  20.00  0 70.10
2004082546121727202330331733200  6 12  7  9 15 18  6 18 110.73  0 70.70
20040925461317 3 7 713 31313 76  6  2  3  3  5  2  5  5  40.10  0 70.60
200410254614 0 71017102010 7 81  0  3  4  6  4  7  4  3  40.10  0 69.50
200411254615101010 720272023127  4  4  4  3  7 12  7  9  60.31  0 70.90
2004122546161017171023132313126  4  6  6  4  9  5  9  5  60.31  0 71.10
2004132546171017 71017131317104  4  6  3  4  6  5  5  6  50.21  0 70.70
20041425461823332717 7 3 323136  9 18 12  6  3  2  2  9  80.42  0 69.40
2004152546193023171010 7 713117 15  9  6  4  4  3  3  5  60.31  0 68.90
200416254620201010 3 31310 3 72  7  4  4  2  2  5  4  2  40.10  0 69.00
20041725462110 31010 7 3 313 59  4  2  4  4  3  2  2  5  30.10  0 68.40
20041825462213171310 7 3 0 3 66  5  6  5  4  3  2  0  2  30.10  0 70.40
200419254623 0 0 3 0 7 3 0 3 16  0  0  2  0  3  2  0  2  10.00  0 69.20
200420254624203033474323 3 7206  7 15 18 39 32  9  2  3 160.94  0 68.90
2004212546251317101723332023156  5  6  4  6  9 18  7  9  80.42  0 69.80
2004222546263030131013101313132 15 15  5  4  5  4  5  5  70.42  0 71.40
200423254627 310 310 3 0 320 52  2  4  2  4  2  0  2  7  30.10  0 69.50
2004242547 123 7 71010202030127  9  3  3  4  4  7  7 15  60.31  0 70.50
2004252547 2202017 3 710 0 0 77  7  7  6  2  3  4  0  0  40.10  5 69.80
2004262547 3 720 71317172023124  3  7  3  5  6  6  7  9  60.31 10 70.10
2004272547 4271710 713201710121 12  6  4  3  5  7  6  4  60.31 20 69.90
2004282547 52713 3171013 713103 12  5  2  6  4  5  3  5  50.21  7 69.90
2004292547 613 3 0 3 7 3 7 7 43  5  2  0  2  3  2  3  3  20.00 16 71.00
2004302547 713 3 3 3 0 0 0 7 29  5  2  2  2  2  2  2  3  20.00 14 70.90
2005012547 8 31023171710 3 7 90  2  4  9  6  6  4  2  3  40.21  0 71.30
2005022547 9 31717131010 710 87  2  6  6  5  4  4  3  4  40.10  0 70.30
200503254710 713 7 3 3 31727 80  3  5  3  2  2  2  6 12  40.21  0 69.80
2005042547111713 7131710 313 93  6  5  3  5  6  4  2  5  40.21  0 70.50
2005052547121317131310171320116  5  6  5  5  4  6  5  7  50.21  0 70.50
2005062547133023 3 3 7 3 3 3 75 15  9  2  2  3  2  2  2  50.21  0 71.10
200507254714 710171010 3 3 7 67  3  4  6  4  4  2  2  3  40.10  0 70.00
20050825471513 3 7 710 0 010 50  5  2  3  3  4  0  0  4  30.00  0 69.20
20050925471610 0 0 3 3 3 3 0 22  4  0  0  2  2  2  2  0  20.00  0 72.40
200510254717 3 0 3 3 3101323 58  2  0  2  2  2  4  5  9  30.10  0 69.30
20051125471813201713 3 3 3 7 79  5  7  6  5  2  2  2  3  40.10  0 67.50
200512254719 7 7 7 3 7 7 723 68  3  3  3  2  3  3  3  9  40.10  0 70.30
20051325472013 3 0 7 710 713 60  5  2  0  3  3  4  3  5  30.10  0 70.20
200514254721 7 7 3 3 3 3 3 3 32  3  3  2  2  2  2  2  2  20.00  0 68.70
200515254722 7101013 3 7 0 3 53  3  4  4  5  2  3  0  2  30.10  0 69.40
200516254723 3 3 3 71710 3 7 53  2  2  2  3  6  4  2  3  30.10  0 71.00
200517254724 3 3 010 3 7 310 39  2  2  0  4  2  3  2  4  20.00  0 71.20
200518254725 3 0 0 3 72017 7 57  2  0  0  2  3  7  6  3  30.10  0 71.80
2005192547261013172017 3 713100  4  5  6  7  6  2  3  5  50.21  0 70.30
20052025472713 3 0 3 3 3 7 7 39  5  2  0  2  2  2  3  3  20.00  0 71.30
2005212548 1132010 7 7131320103  5  7  4  3  3  5  5  7  50.21  0 71.90
2005222548 2171310 3202023 7113  6  5  4  2  7  7  9  3  50.21  0 72.60
2005232548 3131710 3 3 7 3 0 56  5  6  4  2  2  3  2  0  30.10  0 70.90
2005242548 410 3 0 3202317 7 83  4  2  0  2  7  9  6  3  40.10  0 70.60
2005252548 5201013 717 71020104  7  4  5  3  6  3  4  7  50.21  0 72.10
2005262548 613 7 7 7 3 3 717 64  5  3  3  3  2  2  3  6  30.10  0 71.60
2005272548 7 7 3 31010 713 3 56  3  2  2  4  4  3  5  2  30.10  0 69.90
2005282548 8 710 7 310 7 3 7 54  3  4  3  2  4  3  2  3  30.10  0 69.30
2005292548 9 7 3 3 3 7 0 317 43  3  2  2  2  3  0  2  6  20.00  0 71.60
2005302548102027333330233030226  7 12 18 18 15  9 15 15 140.84  0 71.90
2005312548111310 3 7 710 320 73  5  4  2  3  3  4  2  7  40.00  0 72.80
200601254812 713 710 3102727104  3  5  3  4  2  4 12 12  60.31  3 71.20
2006022548131730131310 72013123  6 15  5  5  4  3  7  5  60.31  0 72.40
2006032548141010 0 710 7 3 3 50  4  4  0  3  4  3  2  2  30.00  7 72.00
200604254815 7 313 3 3101717 73  3  2  5  2  2  4  6  6  40.10  7 72.10
200605254816 3 3 31313 7 7 3 52  2  2  2  5  5  3  3  2  30.10  8 73.20
200606254817 7 7 31013 3 3 3 49  3  3  2  4  5  2  2  2  30.10  9 73.80
200607254818 713 7 710233723127  3  5  3  3  4  9 22  9  70.42 10 73.80
2006082548191720 7 3 710 7 3 74  6  7  3  2  3  4  3  2  40.10 10 73.20
200609254820 7 7 0 3 7102027 81  3  3  0  2  3  4  7 12  40.10  9 74.60
2006102548211723232710101013133  6  9  9 12  4  4  4  5  70.31  7 73.20
2006112548221713 7 3 7 3 3 0 53  6  5  3  2  3  2  2  0  30.10  7 73.70
200612254823 71010 7 7 7 3 3 54  3  4  4  3  3  3  2  2  30.10  7 72.70
200613254824 0 7 7 310 3 3 3 36  0  3  3  2  4  2  2  2  20.00  7 71.60
200614254825 3 3 3 3 3 3 7 7 32  2  2  2  2  2  2  3  3  20.00  7 72.40
200615254826 0 7101710 7 7 3 61  0  3  4  6  4  3  3  2  30.10  5 72.70
200616254827 7101710 7172317108  3  4  6  4  3  6  9  6  50.21  0 71.50
2006172549 117 7 7101710 0 0 68  6  3  3  4  6  4  0  0  30.10  0 71.00
2006182549 2 3171010131010 7 80  2  6  4  4  5  4  4  3  40.10  0 70.20
2006192549 3 710 713 7101720 91  3  4  3  5  3  4  6  7  40.21  0 71.10
2006202549 423202010 3 7 313 99  9  7  7  4  2  3  2  5  50.21  0 70.00
2006212549 5 7 7 31010 7 7 3 54  3  3  2  4  4  3  3  2  30.10  0 69.90
2006222549 6 3 3 7 7 3 3 313 42  2  2  3  3  2  2  2  5  30.00  0 69.90
2006232549 7 7 313 3 7 3 313 52  3  2  5  2  3  2  2  5  30.10  0 69.30
2006242549 813131010 7 7 3 7 70  5  5  4  4  3  3  2  3  40.10  0 69.10
2006252549 9 710 3 7 3 7 013 50  3  4  2  3  2  3  0  5  30.00  0 71.20
20062625491017 3 3 710102330103  6  2  2  3  4  4  9 15  60.31  4 70.00
2006272549112713132323 3 320125 12  5  5  9  9  2  2  7  60.31  2 71.20
2006282549121313 3 7 0 3 310 16  5  5  2  3  0  2  2  4  30.10  0 71.50
200629254913 7 7 710 7 7 710 62  3  3  3  4  3  3  3  4  30.00  0 70.90
