08,03,2023,

1,1948,12,2024

 1948  205.0 202.3 198.9 195.7 192.2 191.6 193.5 199.8 209.1 210.3 203.8 197.1
 1949  193.4 190.4 188.5 188.4 190.9 192.5 190.3 184.1 176.1 171.4 169.4 167.1
 1950  162.8 158.5 150.7 141.0 131.6 122.6 116.4 111.9 106.7 102.3 101.2 102.4
 1951  101.6  98.5  98.9 100.2  99.5  98.9  97.3  94.0  89.8  84.0  75.3  66.5
 1952   61.5  59.8  56.2  51.4  48.0  45.5  44.0  42.1  40.3  39.5  38.8  37.3
 1953   34.6  31.0  28.6  27.2  25.0  22.0  18.5  16.7  16.6  15.1  12.8  10.8
 1954    9.3   8.2   6.3   5.1   5.5   6.3   7.9  10.5  11.4  11.6  13.8  17.4
 1955   20.5  23.7  28.0  33.5  41.2  50.0  57.0  66.0  78.8  91.3 103.5 114.8
 1956  125.8 139.4 154.7 168.1 180.4 193.9 206.1 211.8 214.5 220.6 226.0 232.7
 1957  241.1 243.8 246.8 256.3 262.7 266.1 271.1 275.3 279.3 282.5 284.4 283.3
 1958  281.8 284.5 285.0 278.7 271.0 264.5 262.3 261.9 260.3 258.1 255.9 255.6
 1959  252.9 250.4 247.1 239.7 233.9 228.5 220.6 214.2 207.1 199.7 194.2 187.6
 1960  182.5 177.0 172.1 169.4 165.7 161.3 153.8 145.0 138.6 132.1 124.5 118.5
 1961  113.6 105.9  97.5  91.1  85.1  79.1  75.3  74.4  74.3  73.0  71.7  69.1
 1962   64.2  59.4  56.7  56.1  55.9  54.6  52.5  49.8  46.7  44.0  42.9  42.6
 1963   42.1  42.6  42.6  41.6  41.1  40.4  39.7  39.0  38.6  37.4  34.2  30.7
 1964   28.1  25.7  22.3  18.6  16.0  15.0  15.2  15.1  14.6  14.3  15.0  16.2
 1965   17.2  17.7  18.4  19.9  21.2  21.8  22.6  23.8  25.2  28.4  32.1  35.2
 1966   39.7  44.8  49.2  53.3  57.9  63.4  71.4  80.3  89.5  95.8  99.4 103.0
 1967  106.2 111.6 116.5 119.8 123.9 129.4 133.3 135.0 134.9 134.5 137.6 142.5
 1968  145.3 145.7 148.2 151.8 152.4 150.9 148.9 148.4 151.5 155.5 156.6 156.0
 1969  155.7 155.1 152.9 150.7 150.4 150.1 149.9 150.7 149.2 147.4 148.0 148.5
 1970  149.5 150.1 150.3 150.3 149.8 149.1 147.0 143.0 137.6 132.9 126.5 119.0
 1971  113.8 110.1 105.3 100.4  96.5  94.5  92.7  91.5  93.2  93.8  94.7  98.3
 1972  100.3 100.9 102.6 104.0 103.3  99.9  96.6  92.9  88.2  85.9  83.3  78.2
 1973   72.3  66.1  62.8  60.8  57.9  55.6  53.4  51.4  49.0  46.6  45.4  45.0
 1974   46.8  49.1  48.5  48.3  49.4  49.3  48.6  47.3  45.8  43.2  39.3  36.1
 1975   33.0  31.8  30.6  26.8  24.2  23.2  21.8  20.7  20.9  22.3  23.3  23.6
 1976   22.1  19.2  17.8  18.4  18.3  17.9  18.8  20.5  20.8  19.7  19.7  21.6
 1977   24.3  26.3  28.8  31.9  34.7  37.7  41.4  47.6  55.8  64.8  73.7  80.7
 1978   86.9  91.5  98.7 109.0 117.8 126.6 138.0 147.3 153.6 157.3 160.4 166.7
 1979  175.2 185.4 193.3 199.9 208.5 216.7 219.5 220.1 220.4 223.4 229.8 232.9
 1980  232.0 230.2 227.9 224.6 221.3 219.1 216.1 212.0 211.5 211.9 209.1 202.8
 1981  199.6 202.2 205.4 205.7 204.1 200.9 198.5 199.9 202.7 201.4 196.0 194.1
 1982  192.7 186.6 180.0 173.4 167.5 164.0 161.5 153.5 141.4 133.3 131.3 130.5
 1983  127.9 123.9 117.1 110.5 104.5  95.9  89.1  88.9  91.7  92.0  89.7  85.5
 1984   80.5  75.8  71.2  66.8  63.5  61.7  58.3  52.2  44.3  37.2  31.6  27.4
 1985   25.2  23.5  21.7  21.3  21.4  20.8  19.9  19.6  19.8  19.7  19.1  17.3
 1986   15.2  14.3  14.3  15.1  15.8  15.2  15.1  14.4  13.5  14.7  16.6  18.3
 1987   19.9  22.3  25.5  28.0  30.3  32.7  36.2  40.5  45.3  51.0  55.1  60.9
 1988   69.2  76.9  84.9  93.0 101.4 114.3 128.5 141.1 151.2 156.9 164.4 176.1
 1989  184.8 190.7 198.0 203.8 209.5 212.1 212.0 211.1 210.5 212.4 212.5 206.2
 1990  201.2 202.4 200.9 198.1 195.1 192.0 190.1 191.6 194.6 195.2 195.2 197.8
 1991  202.8 204.4 203.9 203.8 202.9 202.8 203.5 203.3 200.9 196.7 191.4 183.1
 1992  172.6 161.1 151.8 146.0 142.1 137.1 128.5 119.3 113.0 109.0 106.3 104.5
 1993  101.9  99.3  95.4  90.2  84.2  78.6  76.5  73.6  68.3  63.2  58.4  55.1
 1994   52.6  50.2  49.4  49.6  48.7  46.4  42.7  40.1  39.7  39.4  38.7  37.6
 1995   35.6  33.7  32.0  29.4  27.3  25.9  24.4  22.0  19.0  17.0  15.9  15.1
 1996   14.5  14.2  13.7  12.0  11.2  11.6  11.3  11.2  11.3  12.0  13.4  14.3
 1997   14.5  15.2  18.3  22.0  24.4  27.2  30.4  33.6  38.2  43.1  47.1  52.0
 1998   58.4  65.4  72.0  76.9  80.8  85.4  89.8  93.5  96.4  98.2 102.3 110.4
 1999  118.4 122.5 122.3 125.0 132.6 136.3 138.1 142.9 150.5 159.3 164.1 164.0
 2000  166.1 170.6 174.3 175.2 172.9 172.7 174.2 172.8 168.8 165.3 163.1 162.7
 2001  158.3 152.5 155.1 160.7 163.7 167.4 172.0 175.8 177.1 177.3 180.3 179.1
 2002  177.6 179.7 178.2 174.4 171.3 166.9 161.5 155.4 149.5 143.9 136.0 131.4
 2003  129.6 125.7 118.7 111.9 107.0 101.7  96.0  92.9  91.8  89.1  86.9  84.1
 2004   80.1  76.4  73.2  71.0  69.5  67.1  64.8  63.0  60.2  57.9  56.6  55.7
 2005   54.5  53.2  52.3  49.3  45.0  44.5  44.6  41.9  39.4  38.9  38.4  36.0
 2006   33.0  29.7  27.4  27.0  27.4  26.2  25.0  25.9  26.0  23.7  21.1  20.2
 2007   19.8  19.0  17.7  16.4  14.4  12.8  11.6   9.9   9.6   9.9   9.2   7.9
 2008    6.6   5.6   5.1   5.1   5.4   4.8   4.0   3.8   3.2   2.4   2.3   2.2
 2009    2.5   2.7   2.9   3.3   3.5   4.1   5.5   7.4   9.5  10.9  11.7  12.7
 2010   14.0  16.1  18.5  20.8  23.1  24.6  25.2  26.4  29.5  34.5  39.1  42.5
 2011   45.7  48.8  53.8  61.1  69.3  77.2  83.6  86.3  86.6  87.4  89.4  92.5
 2012   95.5  98.1  98.3  95.1  90.9  86.6  84.5  85.1  85.3  85.8  87.7  88.1
 2013   86.8  86.1  84.4  84.3  87.0  90.9  94.6  99.0 104.6 107.0 106.9 107.6
 2014  109.3 110.5 114.3 116.4 115.0 114.1 112.6 108.3 101.9  97.3  94.7  92.2
 2015   89.3  86.1  82.1  78.9  76.1  72.1  68.3  66.4  65.9  64.3  61.2  57.8
 2016   54.4  52.5  50.4  47.8  44.8  41.5  38.5  36.0  33.2  31.5  29.9  28.5
 2017   27.8  26.5  25.7  24.8  23.3  22.2  21.0  19.6  18.3  16.7  15.4  15.1
 2018   14.2  12.6   9.9   7.8   7.5   7.2   7.0   6.7   6.5   6.8   6.7   6.0
 2019    5.4   5.0   4.6   4.3   3.9   3.7   3.5   3.4   3.1   2.6   2.0   1.8
 2020    2.2   2.7   3.0   3.6   5.6   7.9   9.0   9.5  10.5  11.9  13.6  15.3
 2021   17.3  19.0  21.7  24.8  25.8  27.6  31.4  35.4  40.2  45.2  50.8  55.9
 2022   60.1  64.7  68.7  73.0  77.2  80.9  86.5  92.3  95.6  98.8 105.1 108.2
 2023  114.5 117.6 123.7 126.7 132.6 135.4 141.0 143.7 148.9 151.4 156.2 158.4
 2024  162.7 164.7 168.4 170.1 173.2 174.6 177.0 178.1 179.8 180.6 181.7 182.0

